0 0.16640625 0.10078125 0.1203125 0.0390625
0 0.04453125 0.25625 0.0515625 0.04375
0 0.15625 0.4421875 0.04140625 0.03203125
0 0.18984375 0.4703125 0.04140625 0.040625
0 0.46796875 0.43359375 0.06328125 0.03671875
0 0.328125 0.5921875 0.084375 0.084375
0 0.39375 0.83515625 0.03671875 0.0828125
0 0.675 0.9390625 0.0390625 0.1
0 0.73984375 0.846875 0.08359375 0.03359375
0 0.76484375 0.70859375 0.05078125 0.04765625
0 0.871875 0.70703125 0.0390625 0.040625
0 0.93984375 0.709375 0.06328125 0.06875
0 0.98125 0.4328125 0.03515625 0.0484375
0 0.88828125 0.0484375 0.059375 0.06171875
0 0.41484375 0.203125 0.053125 0.04609375
0 0.9703125 0.09921875 0.04140625 0.03359375
0 0.14765625 0.23984375 0.04296875 0.04921875
0 0.1875 0.23671875 0.03203125 0.0296875
0 0.20625 0.2828125 0.0296875 0.05234375