0 0.1828125 0.478125 0.0484375 0.075
0 0.6296875 0.36484375 0.03515625 0.06171875
0 0.94765625 0.74921875 0.0609375 0.04375
0 0.9203125 0.88359375 0.0265625 0.0546875
0 0.959375 0.37890625 0.0296875 0.06484375
0 0.540625 0.696875 0.06875 0.04375
0 0.69296875 0.8640625 0.0203125 0.0421875
0 0.4640625 0.38203125 0.03046875 0.03203125
0 0.45546875 0.32265625 0.02109375 0.04921875
0 0.196875 0.7671875 0.034375 0.03359375
0 0.22421875 0.03828125 0.02734375 0.0453125
0 0.08984375 0.41484375 0.046875 0.0375
0 0.69375 0.43359375 0.03671875 0.0578125