0 0.24609375 0.85234375 0.0390625 0.0921875
0 0.73515625 0.92109375 0.10078125 0.0796875
0 0.5 0.3921875 0.0296875 0.05703125
0 0.33359375 0.45078125 0.03203125 0.06484375
0 0.66875 0.5953125 0.04296875 0.03515625
0 0.79765625 0.15 0.03515625 0.06484375
0 0.51171875 0.228125 0.04453125 0.05078125
0 0.54375 0.14921875 0.025 0.06953125
0 0.82890625 0.33203125 0.04140625 0.05546875
0 0.1703125 0.3359375 0.0328125 0.0671875
0 0.409375 0.55 0.03515625 0.05078125
0 0.61640625 0.428125 0.04140625 0.05390625
0 0.6078125 0.23984375 0.0296875 0.065625
0 0.63515625 0.546875 0.04296875 0.040625
0 0.98046875 0.80546875 0.0296875 0.07265625