0 0.71328125 0.5078125 0.05546875 0.0203125
0 0.80078125 0.59609375 0.03203125 0.02890625
0 0.78515625 0.63671875 0.0203125 0.065625
0 0.334375 0.61796875 0.03671875 0.05625
0 0.20703125 0.7703125 0.040625 0.07578125
0 0.2453125 0.49140625 0.04296875 0.025
0 0.63984375 0.34375 0.05 0.04375
0 0.715625 0.346875 0.02578125 0.05703125
0 0.728125 0.30625 0.0484375 0.02890625
0 0.48125 0.1375 0.0390625 0.0828125
0 0.24765625 0.30625 0.065625 0.04140625
0 0.49296875 0.36953125 0.0484375 0.034375
0 0.7890625 0.28203125 0.06796875 0.02890625
0 0.90078125 0.29765625 0.0796875 0.03203125
0 0.40234375 0.65390625 0.02578125 0.02734375
0 0.57109375 0.9234375 0.03125 0.05234375
0 0.16640625 0.978125 0.06171875 0.03359375
0 0.78046875 0.775 0.04375 0.03515625
0 0.83359375 0.69140625 0.03671875 0.05390625
0 0.9625 0.90703125 0.065625 0.046875
0 0.10390625 0.46796875 0.04140625 0.04609375
0 0.77421875 0.3234375 0.034375 0.04765625