0 0.30390625 0.1140625 0.04375 0.05703125
0 0.34375 0.04765625 0.0125 0.01640625
0 0.359375 0.07421875 0.03046875 0.05390625
0 0.4078125 0.0921875 0.03515625 0.03828125
0 0.46484375 0.10078125 0.04765625 0.0359375
0 0.5359375 0.12734375 0.0203125 0.065625
0 0.84921875 0.25078125 0.04140625 0.0484375
0 0.8546875 0.44609375 0.07578125 0.0421875
0 0.8578125 0.625 0.02265625 0.04609375
0 0.746875 0.59375 0.03515625 0.04296875
0 0.52265625 0.521875 0.03671875 0.05234375
0 0.4859375 0.5140625 0.06328125 0.046875
0 0.4203125 0.36328125 0.04375 0.04921875
0 0.56796875 0.3375 0.059375 0.03203125
0 0.49140625 0.425 0.05078125 0.03359375
0 0.26640625 0.721875 0.0328125 0.03984375
0 0.0375 0.7484375 0.04140625 0.02734375
0 0.49140625 0.78671875 0.059375 0.0421875
0 0.5640625 0.7328125 0.0796875 0.0390625
0 0.640625 0.7109375 0.03515625 0.0390625
0 0.5328125 0.884375 0.05234375 0.05078125
0 0.5265625 0.9828125 0.06171875 0.02890625
0 0.946875 0.94296875 0.02265625 0.07578125
0 0.4140625 0.6859375 0.05234375 0.0375
0 0.203125 0.16328125 0.0296875 0.040625