0 0.19921875 0.1359375 0.028125 0.0921875
0 0.56953125 0.74296875 0.02578125 0.05703125
0 0.3203125 0.5015625 0.028125 0.0765625
0 0.13359375 0.5671875 0.0390625 0.07890625
0 0.96953125 0.25703125 0.02421875 0.0546875
0 0.3921875 0.79375 0.0296875 0.07578125
0 0.05859375 0.94453125 0.0390625 0.0640625
0 0.49453125 0.13984375 0.04296875 0.04296875
0 0.4921875 0.084375 0.0125 0.01640625
0 0.50859375 0.10546875 0.03359375 0.0421875
0 0.9859375 0.63203125 0.025 0.1140625
0 0.675 0.5375 0.04375 0.059375
0 0.534375 0.53046875 0.046875 0.05546875
0 0.81171875 0.7125 0.03515625 0.06875