0 0.86328125 0.7875 0.07265625 0.05234375
0 0.559375 0.746875 0.05078125 0.04921875
0 0.59375 0.228125 0.04453125 0.08203125
0 0.6546875 0.70625 0.028125 0.071875
0 0.21640625 0.38125 0.04140625 0.025
0 0.69921875 0.39453125 0.03515625 0.0375
0 0.2046875 0.15 0.05859375 0.040625
0 0.36484375 0.53359375 0.03046875 0.06953125
0 0.7515625 0.553125 0.03515625 0.0671875
0 0.16875 0.29375 0.0453125 0.02734375
0 0.1765625 0.23671875 0.0484375 0.04609375
0 0.37578125 0.70390625 0.02421875 0.0859375
0 0.64375 0.79609375 0.053125 0.04765625
0 0.3265625 0.84765625 0.0390625 0.06015625
0 0.31328125 0.6328125 0.05859375 0.05546875