0 0.4015625 0.2875 0.04375 0.08359375
0 0.6703125 0.41484375 0.03515625 0.05703125
0 0.74453125 0.290625 0.0640625 0.04609375
0 0.7671875 0.159375 0.05859375 0.04921875
0 0.94609375 0.15078125 0.0609375 0.07265625
0 0.909375 0.7546875 0.05703125 0.05546875
0 0.39375 0.8 0.07578125 0.03515625
0 0.2078125 0.5296875 0.0390625 0.07734375
0 0.10546875 0.7890625 0.08203125 0.05390625
0 0.03046875 0.18359375 0.05546875 0.0375
0 0.82421875 0.496875 0.053125 0.06171875
0 0.87265625 0.15 0.04765625 0.04375
0 0.121875 0.45625 0.06484375 0.03828125
0 0.3265625 0.04296875 0.07734375 0.07890625