0 0.33125 0.17578125 0.04609375 0.05078125
0 0.4078125 0.1578125 0.03671875 0.05546875
0 0.14765625 0.39296875 0.05 0.02265625
0 0.57265625 0.4828125 0.0609375 0.04921875
0 0.67421875 0.6703125 0.02421875 0.06328125
0 0.478125 0.90625 0.03046875 0.07890625
0 0.77578125 0.5640625 0.03671875 0.06328125
0 0.69453125 0.1640625 0.04375 0.03046875
0 0.684375 0.096875 0.05703125 0.03828125
0 0.734375 0.396875 0.03203125 0.04921875
0 0.78984375 0.48125 0.034375 0.04921875
0 0.41875 0.38828125 0.02734375 0.03515625
0 0.2671875 0.18515625 0.02890625 0.034375
0 0.22578125 0.1625 0.02734375 0.0390625