0 0.3015625 0.63359375 0.05390625 0.02890625
0 0.12109375 0.9359375 0.034375 0.090625
0 0.14765625 0.93203125 0.03046875 0.0859375
0 0.30625 0.73359375 0.04375 0.03046875
0 0.4390625 0.8546875 0.05 0.096875
0 0.53515625 0.67890625 0.0265625 0.06875
0 0.565625 0.6265625 0.04140625 0.06171875
0 0.85390625 0.43984375 0.06640625 0.0421875
0 0.653125 0.128125 0.0609375 0.034375
0 0.22890625 0.32265625 0.05859375 0.04921875
0 0.21171875 0.4078125 0.0390625 0.03671875
0 0.14296875 0.58203125 0.04296875 0.01640625
0 0.10625 0.57109375 0.0328125 0.04609375
0 0.66015625 0.0125 0.04375 0.025
0 0.74765625 0.43359375 0.046875 0.0546875