0 0.1875 0.65234375 0.02734375 0.0546875
0 0.35390625 0.45078125 0.02734375 0.06484375
0 0.40234375 0.40234375 0.046875 0.0765625
0 0.4546875 0.33828125 0.04296875 0.059375
0 0.71953125 0.49140625 0.02421875 0.10703125
0 0.3125 0.2578125 0.02734375 0.05703125
0 0.015625 0.409375 0.0296875 0.07734375
0 0.82109375 0.0921875 0.05546875 0.0296875
0 0.2328125 0.2015625 0.0546875 0.0296875
0 0.8453125 0.415625 0.04140625 0.1
0 0.13046875 0.44921875 0.06328125 0.06171875
0 0.2328125 0.6484375 0.02421875 0.0828125
0 0.65078125 0.7875 0.034375 0.05390625
0 0.6328125 0.8453125 0.0390625 0.0359375
0 0.821875 0.46953125 0.05078125 0.03203125
0 0.875 0.40234375 0.05546875 0.06953125
0 0.909375 0.33203125 0.05859375 0.07109375
0 0.83359375 0.11953125 0.0390625 0.046875
0 0.88125 0.03125 0.0484375 0.04921875
0 0.46875 0.20078125 0.08515625 0.06015625
0 0.6078125 0.4484375 0.02734375 0.0640625
0 0.09921875 0.0875 0.03203125 0.08125
0 0.0515625 0.22421875 0.02734375 0.03046875
0 0.1359375 0.33671875 0.046875 0.07421875