0 0.2171875 0.1578125 0.0328125 0.08984375
0 0.5390625 0.065625 0.021875 0.0875
0 0.7640625 0.1 0.0296875 0.09765625
0 0.8390625 0.07265625 0.034375 0.0875
0 0.83515625 0.40546875 0.0296875 0.03515625
0 0.86953125 0.39140625 0.0265625 0.034375
0 0.5046875 0.36796875 0.04140625 0.0765625
0 0.46875 0.46171875 0.065625 0.096875
0 0.49296875 0.54140625 0.04375 0.06796875
0 0.5140625 0.66875 0.05234375 0.06640625
0 0.27578125 0.33515625 0.03125 0.07734375
0 0.80703125 0.59609375 0.06328125 0.05234375
0 0.9375 0.2859375 0.03671875 0.08984375