0 0.74921875 0.21953125 0.034375 0.0609375
0 0.76171875 0.196875 0.046875 0.0484375
0 0.85 0.346875 0.03828125 0.0859375
0 0.5375 0.56015625 0.05 0.03671875
0 0.575 0.50078125 0.03828125 0.06015625
0 0.4390625 0.26640625 0.03671875 0.0640625
0 0.88984375 0.65390625 0.0296875 0.103125
0 0.61171875 0.68828125 0.02734375 0.0875
0 0.12421875 0.896875 0.0390625 0.0703125
0 0.3578125 0.796875 0.028125 0.04921875
0 0.48125 0.7046875 0.03046875 0.05078125
0 0.78125 0.95859375 0.02265625 0.06640625
0 0.615625 0.69609375 0.0125 0.01640625
0 0.6328125 0.71484375 0.03203125 0.0375