0 0.5484375 0.3203125 0.0296875 0.0671875
0 0.81015625 0.0890625 0.04921875 0.05234375
0 0.8640625 0.16171875 0.0125 0.01640625
0 0.87890625 0.1953125 0.0296875 0.06796875
0 0.89609375 0.3921875 0.0671875 0.06171875
0 0.16875 0.725 0.0125 0.01640625
0 0.190625 0.75234375 0.04453125 0.0546875
0 0.68046875 0.453125 0.02734375 0.07421875
0 0.51796875 0.1375 0.046875 0.065625
0 0.95625 0.08359375 0.046875 0.07734375
0 0.15078125 0.85546875 0.03203125 0.05
0 0.4703125 0.35859375 0.03359375 0.1046875
0 0.0578125 0.74453125 0.0796875 0.06953125
0 0.1109375 0.78203125 0.0640625 0.02734375
0 0.325 0.425 0.03671875 0.07734375