0 0.8 0.0328125 0.040625 0.06171875
0 0.21484375 0.8890625 0.0796875 0.0671875
0 0.81640625 0.38125 0.11796875 0.07109375
0 0.5828125 0.63046875 0.0453125 0.08515625
0 0.6921875 0.17109375 0.02109375 0.06640625
0 0.721875 0.2046875 0.02265625 0.05546875
0 0.721875 0.26484375 0.01875 0.0375
0 0.984375 0.728125 0.02890625 0.0234375
0 0.459375 0.3984375 0.0625 0.02734375
0 0.6109375 0.69921875 0.02265625 0.04140625
0 0.05546875 0.58671875 0.04140625 0.03359375
0 0.15078125 0.8234375 0.05859375 0.02734375
0 0.03046875 0.69921875 0.0609375 0.0453125