0 0.3453125 0.928125 0.0265625 0.06953125
0 0.47265625 0.67421875 0.0390625 0.05
0 0.4390625 0.6265625 0.04140625 0.10703125
0 0.55703125 0.7390625 0.046875 0.06953125
0 0.67265625 0.78359375 0.0390625 0.059375
0 0.684375 0.703125 0.03125 0.05234375
0 0.64921875 0.6359375 0.05234375 0.046875
0 0.6078125 0.521875 0.0390625 0.04140625
0 0.6109375 0.48828125 0.0375 0.03515625
0 0.83359375 0.95546875 0.03515625 0.059375
0 0.9046875 0.07421875 0.03515625 0.10234375
0 0.596875 0.02890625 0.02421875 0.0578125
0 0.51875 0.1984375 0.0328125 0.06171875
0 0.70078125 0.040625 0.03515625 0.06484375
0 0.76640625 0.34375 0.02421875 0.05
0 0.33671875 0.24921875 0.028125 0.09453125
0 0.37109375 0.18359375 0.02109375 0.07734375
0 0.42890625 0.1 0.01640625 0.084375
0 0.40625 0.0953125 0.0390625 0.06953125
0 0.7046875 0.56875 0.03515625 0.08203125
0 0.80546875 0.61875 0.02734375 0.0671875
0 0.78671875 0.35 0.02421875 0.0671875
0 0.80703125 0.34609375 0.02421875 0.059375
0 0.47421875 0.56640625 0.02734375 0.03984375
0 0.2359375 0.20546875 0.01796875 0.084375
0 0.2453125 0.171875 0.0328125 0.0609375
0 0.75859375 0.2265625 0.02109375 0.04765625
0 0.78203125 0.39921875 0.02109375 0.021875
0 0.83046875 0.325 0.04375 0.03203125
0 0.77109375 0.37890625 0.025 0.03203125
0 0.7828125 0.6625 0.02265625 0.0640625
0 0.80703125 0.7015625 0.01640625 0.04765625
0 0.82578125 0.71875 0.0203125 0.05234375
0 0.7859375 0.884375 0.02890625 0.04140625
0 0.5171875 0.7796875 0.028125 0.03515625
0 0.74296875 0.5703125 0.03125 0.02890625