0 0.578125 0.8109375 0.02421875 0.1
0 0.90546875 0.96484375 0.0296875 0.06875
0 0.1578125 0.44921875 0.03515625 0.05234375
0 0.19453125 0.76640625 0.0296875 0.084375
0 0.7828125 0.10390625 0.03203125 0.06171875
0 0.6390625 0.26953125 0.0390625 0.03046875
0 0.64296875 0.30546875 0.02421875 0.04140625
0 0.325 0.16953125 0.02265625 0.084375
0 0.209375 0.48203125 0.0296875 0.0671875
0 0.90625 0.44296875 0.02421875 0.06171875
0 0.80703125 0.52890625 0.02265625 0.05859375
0 0.284375 0.31953125 0.02578125 0.07265625
0 0.3046875 0.25703125 0.01796875 0.0390625
0 0.3171875 0.24140625 0.03046875 0.03359375
0 0.725 0.3203125 0.0140625 0.03671875