0 0.1828125 0.5625 0.04375 0.06640625
0 0.19921875 0.5203125 0.05703125 0.01875
0 0.421875 0.35546875 0.02734375 0.03359375
0 0.521875 0.07734375 0.0453125 0.034375
0 0.77421875 0.04375 0.05703125 0.06015625
0 0.96015625 0.8875 0.0390625 0.040625
0 0.83125 0.4859375 0.03515625 0.03671875
0 0.79609375 0.12578125 0.046875 0.0390625
0 0.9359375 0.4015625 0.0390625 0.03984375
0 0.77734375 0.87890625 0.0453125 0.046875
0 0.790625 0.934375 0.04765625 0.03046875
0 0.959375 0.74375 0.06171875 0.04765625