0 0.734375 0.3671875 0.03125 0.04765625
0 0.7328125 0.24296875 0.0328125 0.05234375
0 0.72578125 0.134375 0.03515625 0.03515625
0 0.52890625 0.6140625 0.04453125 0.03828125
0 0.2046875 0.8890625 0.0203125 0.06640625
0 0.1453125 0.2 0.04296875 0.05234375
0 0.4 0.50078125 0.04921875 0.0375
0 0.5390625 0.1640625 0.02421875 0.07421875
0 0.7046875 0.040625 0.0328125 0.07109375
0 0.3734375 0.03515625 0.0546875 0.04296875
0 0.34375 0.3640625 0.05703125 0.040625
0 0.26328125 0.640625 0.06484375 0.03359375
0 0.17109375 0.84140625 0.02890625 0.04375
0 0.45625 0.7015625 0.0328125 0.06796875
0 0.55625 0.925 0.05234375 0.04921875
0 0.94609375 0.14453125 0.06171875 0.025
0 0.209375 0.48046875 0.05703125 0.03359375
0 0.2328125 0.42109375 0.05703125 0.05859375
0 0.05625 0.0546875 0.059375 0.03046875
0 0.884375 0.178125 0.0359375 0.04609375
0 0.92890625 0.2640625 0.04375 0.07578125
0 0.96953125 0.23125 0.025 0.0671875
0 0.3328125 0.77265625 0.03359375 0.0609375
0 0.35234375 0.31171875 0.04609375 0.05703125
0 0.940625 0.709375 0.04609375 0.04921875
0 0.33203125 0.14609375 0.0265625 0.059375
0 0.6125 0.64609375 0.0546875 0.03671875
0 0.4984375 0.71328125 0.05 0.04375
0 0.25546875 0.58203125 0.0484375 0.034375
0 0.9171875 0.57421875 0.07265625 0.0421875
0 0.41484375 0.83359375 0.0265625 0.05703125
0 0.4390625 0.06796875 0.0515625 0.03515625
0 0.04140625 0.140625 0.04140625 0.04921875