0 0.2109375 0.53984375 0.078125 0.046875
0 0.6421875 0.59375 0.04765625 0.03359375
0 0.325 0.1390625 0.04296875 0.03203125
0 0.92734375 0.8921875 0.04140625 0.05390625
0 0.9421875 0.8734375 0.04375 0.09453125
0 0.715625 0.48671875 0.03046875 0.059375
0 0.765625 0.48046875 0.05 0.03359375
0 0.68515625 0.41484375 0.03828125 0.0375
0 0.63125 0.265625 0.040625 0.04609375
0 0.56875 0.1828125 0.02734375 0.04921875
0 0.8765625 0.82578125 0.0453125 0.0453125
0 0.1375 0.23671875 0.03828125 0.05234375
0 0.07109375 0.14765625 0.05078125 0.04609375
0 0.89140625 0.275 0.05 0.04296875
0 0.7765625 0.2515625 0.040625 0.03359375
0 0.409375 0.4234375 0.0546875 0.0375
0 0.40234375 0.37265625 0.0125 0.01640625
0 0.4234375 0.396875 0.04296875 0.04921875
0 0.44453125 0.80546875 0.05703125 0.0453125
0 0.4234375 0.66015625 0.025 0.05859375
0 0.52734375 0.465625 0.04296875 0.02734375
0 0.9546875 0.60546875 0.028125 0.040625