0 0.48671875 0.1421875 0.05546875 0.0453125
0 0.49296875 0.24609375 0.04140625 0.096875
0 0.80546875 0.075 0.05078125 0.05859375
0 0.3046875 0.45703125 0.06640625 0.05390625
0 0.090625 0.3171875 0.05 0.05078125
0 0.16484375 0.40234375 0.075 0.04140625
0 0.784375 0.26171875 0.059375 0.04765625
0 0.44140625 0.60546875 0.02578125 0.08828125
0 0.73359375 0.54921875 0.03046875 0.07734375
0 0.53203125 0.8984375 0.04375 0.1046875
0 0.6078125 0.8796875 0.0296875 0.059375
0 0.978125 0.65546875 0.0265625 0.0359375