0 0.97109375 0.79296875 0.02265625 0.07734375
0 0.871875 0.603125 0.059375 0.04609375
0 0.73828125 0.575 0.02578125 0.07421875
0 0.6359375 0.5328125 0.04296875 0.06796875
0 0.58046875 0.43515625 0.03046875 0.05390625
0 0.68203125 0.35 0.0390625 0.04609375
0 0.528125 0.29609375 0.02265625 0.0828125
0 0.48828125 0.23125 0.03125 0.05390625
0 0.4484375 0.0859375 0.03828125 0.07109375
0 0.09921875 0.29765625 0.02109375 0.06328125
0 0.2984375 0.4390625 0.03828125 0.1078125
0 0.45625 0.69140625 0.053125 0.04765625
0 0.15234375 0.80078125 0.03828125 0.0578125
0 0.89140625 0.20703125 0.0328125 0.071875
0 0.94375 0.2765625 0.0828125 0.046875
0 0.70859375 0.06796875 0.03359375 0.0890625
0 0.45390625 0.3625 0.03828125 0.05078125
0 0.33984375 0.1390625 0.04296875 0.05859375
0 0.534375 0.9125 0.034375 0.05703125
0 0.9375 0.88671875 0.02421875 0.04921875
0 0.85078125 0.85078125 0.04296875 0.07578125
0 0.69609375 0.2265625 0.046875 0.06328125
0 0.58828125 0.7546875 0.04453125 0.05546875
0 0.18046875 0.48671875 0.03203125 0.0890625
0 0.3734375 0.4203125 0.0265625 0.04765625