0 0.33671875 0.21328125 0.0546875 0.0359375
0 0.2171875 0.7421875 0.053125 0.03359375
0 0.76640625 0.646875 0.04609375 0.03515625
0 0.62578125 0.14140625 0.0203125 0.046875
0 0.62734375 0.16796875 0.05859375 0.03203125
0 0.271875 0.30625 0.065625 0.03203125
0 0.4296875 0.54765625 0.05859375 0.03359375
0 0.6609375 0.221875 0.04765625 0.025
0 0.88671875 0.146875 0.03828125 0.03984375
0 0.40234375 0.3171875 0.028125 0.034375
0 0.51796875 0.4265625 0.03203125 0.03359375
0 0.76953125 0.3265625 0.0484375 0.03828125
0 0.53515625 0.07109375 0.04296875 0.04765625
0 0.23046875 0.34921875 0.0265625 0.03359375