0 0.80390625 0.29765625 0.03359375 0.096875
0 0.21171875 0.1671875 0.03515625 0.084375
0 0.2203125 0.94453125 0.0640625 0.0375
0 0.6265625 0.459375 0.08359375 0.0328125
0 0.49609375 0.41328125 0.07265625 0.0546875
0 0.69921875 0.1328125 0.03515625 0.05703125
0 0.4671875 0.60625 0.0578125 0.05703125
0 0.053125 0.4203125 0.05859375 0.028125
0 0.61015625 0.4890625 0.046875 0.05078125
0 0.7234375 0.09296875 0.04140625 0.05078125
0 0.83671875 0.8359375 0.034375 0.06171875
0 0.71640625 0.83203125 0.034375 0.04765625
0 0.91875 0.84375 0.0265625 0.06875
0 0.79296875 0.7078125 0.0328125 0.07734375
0 0.1078125 0.24609375 0.0609375 0.03984375