0 0.43046875 0.27265625 0.08046875 0.03828125
0 0.5125 0.35 0.04375 0.03203125
0 0.5859375 0.43515625 0.0546875 0.046875
0 0.60390625 0.346875 0.04296875 0.0828125
0 0.55 0.03515625 0.02734375 0.06484375
0 0.77734375 0.41015625 0.03515625 0.05703125
0 0.5140625 0.62734375 0.07734375 0.040625
0 0.5734375 0.73203125 0.03671875 0.09453125
0 0.31953125 0.68125 0.02734375 0.05078125
0 0.9375 0.8578125 0.06171875 0.0921875
0 0.96328125 0.76796875 0.0484375 0.06171875
0 0.88046875 0.30546875 0.0484375 0.06484375