0 0.6015625 0.15703125 0.04296875 0.03125
0 0.653125 0.18125 0.0609375 0.0359375
0 0.7421875 0.42734375 0.065625 0.03828125
0 0.89375 0.4421875 0.05390625 0.06015625
0 0.446875 0.95234375 0.04140625 0.03515625
0 0.371875 0.66015625 0.02265625 0.06171875
0 0.46484375 0.85234375 0.04921875 0.04140625
0 0.715625 0.83203125 0.05234375 0.03515625
0 0.18125 0.95234375 0.0390625 0.05703125
0 0.30078125 0.45 0.02578125 0.0640625
0 0.14140625 0.19140625 0.02265625 0.021875
0 0.86953125 0.6671875 0.05546875 0.07578125