0 0.48828125 0.84609375 0.02421875 0.0546875
0 0.5265625 0.57890625 0.04453125 0.046875
0 0.215625 0.7265625 0.046875 0.025
0 0.77109375 0.7515625 0.02578125 0.11953125
0 0.8609375 0.9171875 0.0296875 0.07265625
0 0.85546875 0.96640625 0.03125 0.05234375
0 0.97578125 0.30390625 0.04453125 0.0390625
0 0.0734375 0.28671875 0.0265625 0.059375
0 0.1890625 0.05859375 0.0328125 0.05703125
0 0.7 0.06875 0.02265625 0.04765625
0 0.6828125 0.38359375 0.025 0.059375
0 0.77109375 0.3921875 0.03515625 0.04609375
0 0.8140625 0.2625 0.03046875 0.06171875
0 0.28984375 0.91015625 0.03125 0.06484375
0 0.315625 0.35859375 0.03671875 0.04921875
0 0.4390625 0.6171875 0.02421875 0.07109375
0 0.97265625 0.9546875 0.02578125 0.08828125
0 0.75859375 0.43203125 0.03046875 0.046875
0 0.5859375 0.1578125 0.05 0.0390625
0 0.04375 0.09765625 0.02421875 0.0875
0 0.23828125 0.59140625 0.04375 0.03828125
0 0.271875 0.70390625 0.04375 0.04609375
0 0.35234375 0.90546875 0.02890625 0.046875