0 0.79140625 0.703125 0.02265625 0.05703125
0 0.82578125 0.7453125 0.03515625 0.06171875
0 0.503125 0.5578125 0.0390625 0.06484375
0 0.35078125 0.72265625 0.02578125 0.05703125
0 0.16875 0.47578125 0.0390625 0.034375
0 0.24375 0.1375 0.0578125 0.04375
0 0.146875 0.66953125 0.05859375 0.0453125
0 0.95625 0.0625 0.04296875 0.07421875
0 0.64453125 0.82578125 0.0484375 0.06640625
0 0.31796875 0.940625 0.05234375 0.05859375
0 0.35859375 0.890625 0.034375 0.07890625
0 0.03515625 0.54296875 0.025 0.06015625
0 0.0625 0.53046875 0.03203125 0.05859375
0 0.2484375 0.2078125 0.02421875 0.06015625
0 0.55234375 0.134375 0.05078125 0.08671875
0 0.33671875 0.028125 0.04296875 0.05546875
0 0.51796875 0.39921875 0.0296875 0.07890625
0 0.92890625 0.66953125 0.04375 0.07109375
0 0.65234375 0.2609375 0.0328125 0.0359375
0 0.3890625 0.259375 0.05234375 0.03046875
0 0.0671875 0.25859375 0.04375 0.07578125