0 0.8125 0.33828125 0.03203125 0.06875
0 0.5640625 0.2203125 0.03828125 0.07265625
0 0.30546875 0.22421875 0.04375 0.05234375
0 0.14921875 0.31171875 0.0203125 0.0640625
0 0.153125 0.74453125 0.06953125 0.04609375
0 0.18671875 0.59375 0.06875 0.03359375
0 0.790625 0.7234375 0.07109375 0.0609375
0 0.54453125 0.5859375 0.04296875 0.06171875
0 0.46328125 0.7609375 0.05703125 0.09453125
0 0.77890625 0.95703125 0.02265625 0.05234375
0 0.9 0.9734375 0.0328125 0.0515625
0 0.23203125 0.31015625 0.046875 0.07421875
0 0.91796875 0.05078125 0.0265625 0.04375
0 0.93359375 0.1140625 0.021875 0.0859375