0 0.578125 0.603125 0.03046875 0.04765625
0 0.4421875 0.45 0.02578125 0.05546875
0 0.28671875 0.534375 0.01875 0.05234375
0 0.29296875 0.65390625 0.02578125 0.0640625
0 0.70234375 0.284375 0.02421875 0.06953125
0 0.7671875 0.221875 0.03671875 0.08984375
0 0.846875 0.04375 0.06171875 0.04375
0 0.36484375 0.140625 0.028125 0.03828125
0 0.02265625 0.1375 0.03359375 0.07890625
0 0.63203125 0.6109375 0.02734375 0.05546875
0 0.72734375 0.20625 0.02890625 0.0640625
0 0.7828125 0.10546875 0.0328125 0.04921875
0 0.65078125 0.14921875 0.02421875 0.0421875
0 0.67890625 0.159375 0.03515625 0.0359375