0 0.35 0.803125 0.04375 0.0453125
0 0.44296875 0.73828125 0.04375 0.034375
0 0.4421875 0.77109375 0.05234375 0.03671875
0 0.80234375 0.59453125 0.03125 0.03828125
0 0.8796875 0.70703125 0.02109375 0.06015625
0 0.44140625 0.55 0.04375 0.02890625
0 0.3125 0.54921875 0.0375 0.065625
0 0.14296875 0.7515625 0.03515625 0.05234375
0 0.5390625 0.39140625 0.02421875 0.08828125
0 0.721875 0.4890625 0.0609375 0.04296875
0 0.78828125 0.54140625 0.0265625 0.05703125
0 0.653125 0.525 0.046875 0.0296875
0 0.36484375 0.6328125 0.03203125 0.05859375
0 0.0671875 0.92421875 0.04140625 0.040625
0 0.67734375 0.3046875 0.04765625 0.0453125
0 0.72734375 0.12265625 0.03359375 0.07421875
0 0.9359375 0.17734375 0.0609375 0.0640625
0 0.328125 0.4328125 0.05234375 0.02890625
0 0.23671875 0.17578125 0.04296875 0.07890625
0 0.140625 0.5671875 0.03671875 0.06640625
0 0.19609375 0.87890625 0.02734375 0.05234375