0 0.72421875 0.76953125 0.02734375 0.04609375
0 0.67109375 0.81171875 0.0609375 0.04609375
0 0.62109375 0.78828125 0.04765625 0.04609375
0 0.434375 0.69453125 0.0390625 0.04296875
0 0.46640625 0.84375 0.0484375 0.05234375
0 0.49296875 0.88984375 0.0609375 0.03046875
0 0.1328125 0.78984375 0.0890625 0.04921875
0 0.57109375 0.23359375 0.05 0.0828125
0 0.5953125 0.27421875 0.0125 0.01640625
0 0.11484375 0.184375 0.0484375 0.0359375
0 0.75390625 0.2203125 0.03671875 0.05390625
0 0.9375 0.01875 0.02421875 0.03671875
0 0.90078125 0.2453125 0.0609375 0.04921875
0 0.940625 0.203125 0.053125 0.06953125