0 0.378125 0.2609375 0.02421875 0.05703125
0 0.41484375 0.73125 0.03359375 0.07421875
0 0.74453125 0.9421875 0.02265625 0.10625
0 0.65546875 0.78984375 0.05546875 0.0328125
0 0.62421875 0.6796875 0.0609375 0.059375
0 0.609375 0.6328125 0.02734375 0.05234375
0 0.290625 0.37265625 0.028125 0.071875
0 0.86640625 0.2203125 0.04453125 0.04765625
0 0.1265625 0.6828125 0.0390625 0.0671875
0 0.159375 0.67109375 0.0453125 0.06484375
0 0.4078125 0.48125 0.03671875 0.07890625
0 0.78125 0.728125 0.0953125 0.03046875
0 0.61171875 0.87109375 0.034375 0.06171875
0 0.55859375 0.73828125 0.05 0.05078125
0 0.41640625 0.8078125 0.0796875 0.0640625