0 0.64453125 0.63671875 0.02890625 0.065625
0 0.61640625 0.21328125 0.03671875 0.07578125
0 0.50859375 0.1359375 0.02734375 0.08984375
0 0.44140625 0.01953125 0.0453125 0.0390625
0 0.959375 0.528125 0.03828125 0.06015625
0 0.6375 0.88203125 0.03203125 0.06484375
0 0.7796875 0.67578125 0.04921875 0.05859375
0 0.38828125 0.88515625 0.01796875 0.03671875
0 0.3890625 0.8546875 0.0265625 0.03359375
0 0.37890625 0.98515625 0.0296875 0.028125
0 0.63203125 0.42421875 0.04296875 0.0390625
0 0.0140625 0.08125 0.02109375 0.034375
0 0.43203125 0.97109375 0.02734375 0.05390625
0 0.4046875 0.9671875 0.025 0.02890625