0 0.55390625 0.18359375 0.01640625 0.040625
0 0.38671875 0.12265625 0.05 0.08125
0 0.34140625 0.040625 0.0453125 0.08125
0 0.04375 0.41484375 0.028125 0.05078125
0 0.05703125 0.5421875 0.0265625 0.06640625
0 0.09921875 0.6359375 0.034375 0.03359375
0 0.25703125 0.66015625 0.05 0.07890625
0 0.19921875 0.46171875 0.034375 0.07734375
0 0.41796875 0.51640625 0.0296875 0.1015625
0 0.45625 0.6171875 0.034375 0.06796875
0 0.58828125 0.928125 0.0328125 0.06171875
0 0.79765625 0.3171875 0.05234375 0.04375
0 0.72734375 0.6953125 0.04609375 0.04140625