0 0.2375 0.13125 0.0453125 0.04765625
0 0.0703125 0.021875 0.07109375 0.04375
0 0.49296875 0.48984375 0.03828125 0.06640625
0 0.4953125 0.57890625 0.025 0.065625
0 0.5109375 0.61875 0.0296875 0.07734375
0 0.21328125 0.6359375 0.0296875 0.05078125
0 0.18359375 0.69765625 0.021875 0.059375
0 0.2109375 0.6984375 0.04609375 0.0578125
0 0.81015625 0.4421875 0.02734375 0.06015625
0 0.846875 0.40859375 0.0484375 0.0453125
0 0.58046875 0.4421875 0.03046875 0.05390625
0 0.5859375 0.36484375 0.0390625 0.02890625
0 0.69453125 0.37734375 0.028125 0.07890625
0 0.7046875 0.228125 0.05078125 0.03515625
0 0.67109375 0.0484375 0.0390625 0.0359375
0 0.75234375 0.971875 0.0609375 0.0546875
0 0.971875 0.89453125 0.05390625 0.05234375
0 0.94296875 0.7 0.0890625 0.03671875
0 0.45 0.67578125 0.05078125 0.03984375
0 0.28984375 0.2890625 0.0296875 0.08984375
0 0.92421875 0.33515625 0.0609375 0.0421875
0 0.95703125 0.021875 0.05703125 0.04375
0 0.1953125 0.875 0.03671875 0.05390625