0 0.52890625 0.040625 0.046875 0.05078125
0 0.7390625 0.1078125 0.034375 0.0828125
0 0.76796875 0.14609375 0.0265625 0.07265625
0 0.6640625 0.34921875 0.0296875 0.09375
0 0.66484375 0.528125 0.03125 0.0671875
0 0.51328125 0.6203125 0.05078125 0.03984375
0 0.246875 0.57265625 0.0609375 0.03515625
0 0.6421875 0.69140625 0.0453125 0.03046875
0 0.746875 0.80625 0.025 0.05390625
0 0.77109375 0.884375 0.040625 0.025
0 0.6515625 0.91875 0.02890625 0.0703125
0 0.57890625 0.91640625 0.04296875 0.03203125
0 0.196875 0.4921875 0.034375 0.05859375
0 0.93515625 0.609375 0.0390625 0.04609375
0 0.965625 0.6265625 0.03359375 0.04609375
0 0.98046875 0.55234375 0.0296875 0.06171875