0 0.83046875 0.253125 0.04140625 0.05703125
0 0.26953125 0.7375 0.03125 0.05703125
0 0.34609375 0.6359375 0.03515625 0.05234375
0 0.1546875 0.696875 0.02421875 0.0796875
0 0.64375 0.9640625 0.05234375 0.05234375
0 0.58125 0.6671875 0.05390625 0.03515625
0 0.26484375 0.3875 0.0484375 0.0328125
0 0.6953125 0.6375 0.0578125 0.0296875
0 0.703125 0.85859375 0.05390625 0.0390625
0 0.36171875 0.4546875 0.0125 0.01640625
0 0.378125 0.49609375 0.0328125 0.0828125
0 0.02421875 0.5890625 0.0484375 0.025
0 0.1671875 0.1203125 0.0390625 0.07265625
0 0.4703125 0.78515625 0.0375 0.05546875
0 0.61015625 0.6171875 0.046875 0.07109375
0 0.671875 0.675 0.0390625 0.07265625
0 0.61015625 0.21875 0.05703125 0.03828125
0 0.0296875 0.9328125 0.0296875 0.03984375
0 0.50078125 0.3875 0.0640625 0.03671875
0 0.79921875 0.3421875 0.03515625 0.0703125
0 0.590625 0.3421875 0.04296875 0.05390625