0 0.49375 0.34453125 0.03203125 0.08203125
0 0.51171875 0.2546875 0.0265625 0.05
0 0.23359375 0.2890625 0.0640625 0.06484375
0 0.27265625 0.5953125 0.04140625 0.059375
0 0.24140625 0.21171875 0.06328125 0.05
0 0.03671875 0.440625 0.07265625 0.0453125
0 0.05 0.56953125 0.046875 0.03515625
0 0.065625 0.78515625 0.0484375 0.05234375
0 0.8015625 0.3015625 0.0328125 0.0875
0 0.81796875 0.02890625 0.03046875 0.04375
0 0.6796875 0.06875 0.05703125 0.02734375
0 0.96640625 0.1609375 0.040625 0.04921875
0 0.5265625 0.8109375 0.01875 0.07421875
0 0.546875 0.7828125 0.04453125 0.03515625
0 0.465625 0.625 0.03671875 0.0390625
0 0.36875 0.83125 0.0265625 0.08125
0 0.103125 0.609375 0.0609375 0.02734375
0 0.1796875 0.45078125 0.0453125 0.06171875
0 0.74921875 0.875 0.0390625 0.05703125
0 0.70859375 0.97265625 0.05703125 0.04765625
0 0.05078125 0.1875 0.02109375 0.03359375
0 0.06796875 0.90390625 0.0328125 0.0234375
0 0.58125 0.403125 0.03671875 0.03984375
0 0.60625 0.12109375 0.0390625 0.03046875
0 0.81875 0.66953125 0.034375 0.05
0 0.61796875 0.72578125 0.021875 0.021875