0 0.53359375 0.51875 0.075 0.04765625
0 0.5609375 0.47421875 0.03125 0.06796875
0 0.59765625 0.18828125 0.046875 0.0921875
0 0.90078125 0.20703125 0.05859375 0.059375
0 0.67578125 0.478125 0.04140625 0.0546875
0 0.64453125 0.05390625 0.0203125 0.06171875
0 0.5609375 0.715625 0.02421875 0.0765625
0 0.21875 0.75078125 0.03359375 0.06328125
0 0.25390625 0.51953125 0.053125 0.05390625
0 0.39921875 0.6140625 0.03671875 0.03671875
0 0.39609375 0.6828125 0.059375 0.04765625
0 0.39765625 0.73984375 0.03203125 0.05703125
0 0.4984375 0.815625 0.028125 0.065625
0 0.56640625 0.83203125 0.0296875 0.07890625
0 0.8890625 0.0390625 0.03046875 0.06796875
0 0.52421875 0.18828125 0.04375 0.04609375