0 0.5984375 0.025 0.02734375 0.04921875
0 0.90625 0.075 0.04296875 0.1
0 0.759375 0.228125 0.0296875 0.06171875
0 0.765625 0.34375 0.01875 0.05
0 0.35 0.92578125 0.0203125 0.07421875
0 0.47265625 0.66953125 0.03515625 0.059375
0 0.51875 0.1984375 0.0328125 0.07265625
0 0.4046875 0.09609375 0.046875 0.0671875
0 0.4265625 0.09921875 0.028125 0.08671875
0 0.3359375 0.25078125 0.0265625 0.096875
0 0.55546875 0.74453125 0.046875 0.0796875
0 0.678125 0.70703125 0.028125 0.059375
0 0.64921875 0.6359375 0.046875 0.046875
0 0.61484375 0.525 0.05 0.06015625
0 0.61171875 0.490625 0.0390625 0.03984375
0 0.80859375 0.35078125 0.02578125 0.059375
0 0.8375 0.9609375 0.02734375 0.04296875
0 0.7875 0.8890625 0.0296875 0.04765625
0 0.740625 0.571875 0.03828125 0.02734375
0 0.7125 0.565625 0.02421875 0.07578125
0 0.778125 0.6203125 0.02734375 0.07421875
0 0.79140625 0.6046875 0.02265625 0.04921875
0 0.80390625 0.7046875 0.01796875 0.05078125
0 0.8234375 0.7109375 0.015625 0.05234375
0 0.6640625 0.78125 0.04140625 0.05078125
0 0.52578125 0.78203125 0.02265625 0.04609375
0 0.47578125 0.56015625 0.0390625 0.03671875
0 0.440625 0.62734375 0.02734375 0.09453125
0 0.7796875 0.39609375 0.02109375 0.01953125
0 0.7828125 0.346875 0.02734375 0.06015625
0 0.6984375 0.0484375 0.034375 0.07734375