0 0.06796875 0.87421875 0.04765625 0.0859375
0 0.60390625 0.75703125 0.0265625 0.1078125
0 0.62109375 0.63984375 0.04140625 0.05859375
0 0.66953125 0.678125 0.02890625 0.0640625
0 0.7390625 0.76171875 0.04140625 0.0390625
0 0.65546875 0.540625 0.0671875 0.05546875
0 0.9390625 0.39765625 0.03203125 0.07890625
0 0.73984375 0.27578125 0.05 0.07890625
0 0.2046875 0.8 0.028125 0.0921875
0 0.059375 0.52109375 0.05 0.03046875
0 0.78125 0.09765625 0.06796875 0.05390625
0 0.8265625 0.73359375 0.0390625 0.04765625
0 0.2796875 0.30078125 0.046875 0.06328125
0 0.4328125 0.27578125 0.03515625 0.05625
0 0.984375 0.51640625 0.0265625 0.04140625