0 0.37890625 0.1984375 0.0375 0.07265625
0 0.33984375 0.27578125 0.0125 0.01640625
0 0.3546875 0.30625 0.0296875 0.06015625
0 0.0609375 0.171875 0.04296875 0.03046875
0 0.48359375 0.2265625 0.0296875 0.06953125
0 0.07890625 0.6984375 0.04140625 0.03203125
0 0.6734375 0.1453125 0.06328125 0.059375
0 0.91640625 0.07734375 0.0296875 0.0546875
0 0.584375 0.8421875 0.0484375 0.028125
0 0.121875 0.475 0.0515625 0.07890625
0 0.215625 0.92421875 0.0296875 0.05703125
0 0.23984375 0.790625 0.03046875 0.08515625
0 0.64921875 0.33125 0.0390625 0.05078125
0 0.43671875 0.30546875 0.02421875 0.03046875
0 0.47578125 0.31015625 0.04765625 0.0375
0 0.7890625 0.11015625 0.053125 0.05234375
0 0.084375 0.2640625 0.03046875 0.07578125
0 0.60625 0.54609375 0.0265625 0.07734375