0 0.64375 0.4328125 0.02734375 0.07578125
0 0.471875 0.025 0.02421875 0.04765625
0 0.27265625 0.071875 0.0328125 0.09296875
0 0.21875 0.20859375 0.078125 0.0390625
0 0.13671875 0.50703125 0.02734375 0.05703125
0 0.4828125 0.6578125 0.02109375 0.0640625
0 0.69140625 0.76328125 0.0328125 0.065625
0 0.715625 0.940625 0.0203125 0.05234375
0 0.7 0.6125 0.06953125 0.03984375
0 0.2421875 0.9296875 0.04375 0.07734375
0 0.28984375 0.92578125 0.02265625 0.05390625
0 0.19453125 0.7828125 0.04375 0.07578125
0 0.0453125 0.7703125 0.040625 0.06640625
0 0.1703125 0.44765625 0.0609375 0.04609375
0 0.20859375 0.4015625 0.0390625 0.090625
0 0.27421875 0.25390625 0.02734375 0.07265625
0 0.72890625 0.42421875 0.05 0.0421875
0 0.52578125 0.0640625 0.0328125 0.03359375
0 0.6671875 0.64609375 0.05234375 0.03359375