0 0.75390625 0.36875 0.02265625 0.075
0 0.30234375 0.3703125 0.0484375 0.04765625
0 0.68515625 0.59609375 0.0296875 0.06171875
0 0.246875 0.875 0.03359375 0.06171875
0 0.4171875 0.7453125 0.0390625 0.05234375
0 0.69921875 0.38828125 0.028125 0.0546875
0 0.23828125 0.66875 0.02109375 0.05390625
0 0.43203125 0.93203125 0.06171875 0.025
0 0.9375 0.73515625 0.03203125 0.05390625
0 0.51328125 0.5046875 0.03515625 0.05859375
0 0.3421875 0.1828125 0.04296875 0.0390625
0 0.16796875 0.35859375 0.02109375 0.04140625