0 0.45546875 0.5328125 0.0375 0.1046875
0 0.6609375 0.32734375 0.0375 0.09609375
0 0.159375 0.0578125 0.06328125 0.059375
0 0.58125 0.1125 0.02109375 0.0546875
0 0.59140625 0.1234375 0.04140625 0.0328125
0 0.38984375 0.21484375 0.03359375 0.025
0 0.7515625 0.740625 0.0578125 0.02734375
0 0.8140625 0.7546875 0.04453125 0.059375
0 0.8234375 0.709375 0.04453125 0.03984375
0 0.88828125 0.934375 0.021875 0.071875
0 0.303125 0.60390625 0.028125 0.09609375
0 0.128125 0.21328125 0.03203125 0.04609375
0 0.0796875 0.24140625 0.0546875 0.03046875