0 0.34453125 0.24609375 0.02421875 0.03671875
0 0.33046875 0.44453125 0.02890625 0.06171875
0 0.6765625 0.596875 0.0328125 0.04765625
0 0.57421875 0.45234375 0.01875 0.04609375
0 0.57109375 0.378125 0.0296875 0.02734375
0 0.1109375 0.7875 0.015625 0.04375
0 0.240625 0.93984375 0.0296875 0.021875
0 0.7015625 0.70625 0.025 0.0359375
0 0.73046875 0.65625 0.025 0.0375
0 0.60546875 0.06484375 0.046875 0.059375
0 0.496875 0.32578125 0.02109375 0.0234375
0 0.53203125 0.59765625 0.0328125 0.02890625
0 0.8296875 0.98203125 0.01875 0.034375