0 0.1859375 0.2578125 0.03125 0.05703125
0 0.66171875 0.80546875 0.028125 0.0515625
0 0.5015625 0.525 0.028125 0.0546875
0 0.69765625 0.2859375 0.04921875 0.06171875
0 0.83125 0.3296875 0.0453125 0.04140625
0 0.609375 0.29296875 0.025 0.07578125
0 0.371875 0.6125 0.06328125 0.03359375
0 0.2796875 0.46796875 0.0328125 0.04609375
0 0.190625 0.325 0.03125 0.07578125
0 0.46328125 0.35859375 0.025 0.04609375
0 0.93203125 0.065625 0.0203125 0.090625
0 0.22578125 0.03046875 0.0546875 0.03359375
0 0.11796875 0.54765625 0.03671875 0.0421875
0 0.096875 0.4984375 0.05546875 0.0359375