0 0.025 0.159375 0.04765625 0.0328125
0 0.09765625 0.275 0.0546875 0.03671875
0 0.12109375 0.3390625 0.046875 0.04375
0 0.13671875 0.28125 0.02734375 0.04609375
0 0.22265625 0.40390625 0.05 0.025
0 0.2140625 0.5296875 0.0265625 0.09765625
0 0.31875 0.96484375 0.07109375 0.03046875
0 0.52421875 0.61953125 0.03828125 0.07265625
0 0.5546875 0.48359375 0.053125 0.05390625
0 0.690625 0.5046875 0.03828125 0.03359375
0 0.68828125 0.525 0.0640625 0.04609375
0 0.67734375 0.66953125 0.06640625 0.05
0 0.9265625 0.4375 0.065625 0.03515625
0 0.52734375 0.0453125 0.03828125 0.07421875