0 0.63046875 0.54296875 0.03359375 0.03984375
0 0.66171875 0.5703125 0.0296875 0.06640625
0 0.715625 0.421875 0.0234375 0.05390625
0 0.63125 0.6921875 0.05 0.03828125
0 0.9359375 0.69140625 0.0453125 0.03984375
0 0.77578125 0.790625 0.03671875 0.0671875
0 0.80703125 0.9078125 0.0328125 0.0484375
0 0.57890625 0.96328125 0.05234375 0.05078125
0 0.4703125 0.84765625 0.04375 0.05390625
0 0.409375 0.71640625 0.025 0.05703125
0 0.3421875 0.6921875 0.028125 0.06953125
0 0.2515625 0.84609375 0.04375 0.05703125
0 0.60859375 0.4375 0.05703125 0.04140625