0 0.190625 0.41796875 0.0328125 0.08828125
0 0.1703125 0.4828125 0.0453125 0.07421875
0 0.2140625 0.64921875 0.02109375 0.07109375
0 0.54140625 0.5578125 0.05234375 0.02890625
0 0.81953125 0.415625 0.06328125 0.05859375
0 0.58984375 0.39140625 0.0265625 0.05078125
0 0.74453125 0.78984375 0.02890625 0.08359375
0 0.78515625 0.89921875 0.02734375 0.05234375
0 0.96328125 0.946875 0.01875 0.065625
0 0.909375 0.953125 0.01875 0.05859375
0 0.15859375 0.83125 0.0265625 0.0609375
0 0.934375 0.6921875 0.02578125 0.04140625