0 0.284375 0.61953125 0.040625 0.05390625
0 0.18984375 0.8859375 0.05859375 0.06640625
0 0.3671875 0.19140625 0.02421875 0.0921875
0 0.5296875 0.39140625 0.0328125 0.05390625
0 0.4515625 0.5078125 0.02890625 0.04921875
0 0.44765625 0.62890625 0.02265625 0.08828125
0 0.36953125 0.8015625 0.05 0.0453125
0 0.584375 0.6390625 0.05078125 0.04375
0 0.68671875 0.53046875 0.0328125 0.07890625
0 0.7890625 0.41171875 0.025 0.06796875
0 0.78359375 0.4703125 0.03828125 0.06015625
0 0.95625 0.63984375 0.02734375 0.05546875
0 0.73046875 0.97265625 0.02109375 0.04375
0 0.1234375 0.3359375 0.0671875 0.05703125
0 0.13515625 0.41796875 0.03515625 0.09140625
0 0.871875 0.23515625 0.034375 0.10625
0 0.77109375 0.171875 0.034375 0.0875
0 0.7328125 0.053125 0.0296875 0.075