0 0.3921875 0.2640625 0.046875 0.05546875
0 0.31875 0.0859375 0.0453125 0.04375
0 0.20390625 0.4234375 0.0671875 0.05390625
0 0.22421875 0.5921875 0.034375 0.06484375
0 0.1734375 0.53046875 0.04375 0.07265625
0 0.7859375 0.40546875 0.046875 0.03828125
0 0.09765625 0.215625 0.0125 0.01640625
0 0.11875 0.2421875 0.04296875 0.05234375
0 0.378125 0.07578125 0.02109375 0.05390625
0 0.41328125 0.07578125 0.0609375 0.06015625
0 0.16015625 0.03359375 0.0453125 0.0671875
0 0.115625 0.13984375 0.059375 0.05390625
0 0.1265625 0.04296875 0.034375 0.04140625
0 0.3953125 0.3953125 0.0390625 0.05546875
0 0.4375 0.3859375 0.05546875 0.04609375
0 0.9515625 0.28125 0.03671875 0.03359375