0 0.659375 0.7 0.0265625 0.071875
0 0.73046875 0.9453125 0.0203125 0.05234375
0 0.7515625 0.9703125 0.02265625 0.0421875
0 0.74296875 0.46328125 0.05859375 0.0453125
0 0.640625 0.6140625 0.046875 0.03515625
0 0.36484375 0.440625 0.01796875 0.03671875
0 0.39453125 0.4421875 0.0546875 0.0421875
0 0.40234375 0.40546875 0.05703125 0.03671875
0 0.46640625 0.38671875 0.053125 0.04296875
0 0.359375 0.36484375 0.03671875 0.03984375
0 0.46171875 0.3171875 0.07109375 0.05859375
0 0.6015625 0.17734375 0.05 0.05390625
0 0.61171875 0.121875 0.02734375 0.04765625
0 0.62890625 0.10625 0.03359375 0.05703125
0 0.59609375 0.0640625 0.0296875 0.0578125
0 0.02421875 0.1703125 0.040625 0.07421875
0 0.475 0.61484375 0.0203125 0.0453125
0 0.46640625 0.584375 0.05078125 0.0390625
0 0.4578125 0.62421875 0.0328125 0.06015625