0 0.2296875 0.53125 0.02421875 0.08125
0 0.1265625 0.621875 0.0609375 0.05234375
0 0.12109375 0.7765625 0.04375 0.07890625
0 0.26328125 0.70703125 0.02421875 0.08828125
0 0.65703125 0.6609375 0.021875 0.09140625
0 0.67578125 0.55 0.046875 0.0640625
0 0.66640625 0.45546875 0.0484375 0.03984375
0 0.71015625 0.4484375 0.05078125 0.06015625
0 0.1078125 0.4296875 0.05859375 0.03203125
0 0.33203125 0.21796875 0.0484375 0.07734375
0 0.815625 0.02109375 0.05234375 0.0421875
0 0.715625 0.58203125 0.03046875 0.084375