0 0.64609375 0.15390625 0.05859375 0.040625
0 0.909375 0.7984375 0.025 0.03203125
0 0.94296875 0.64609375 0.02734375 0.05390625
0 0.7390625 0.521875 0.01875 0.04609375
0 0.47578125 0.77265625 0.0265625 0.05546875
0 0.384375 0.53984375 0.025 0.03046875
0 0.5140625 0.7046875 0.025 0.03046875
0 0.8296875 0.7890625 0.01796875 0.0375
0 0.4125 0.35625 0.02421875 0.0453125
0 0.51328125 0.059375 0.02265625 0.03359375
0 0.53671875 0.071875 0.01875 0.01171875
0 0.425 0.86171875 0.03515625 0.0234375
0 0.11171875 0.79765625 0.05703125 0.04765625
0 0.54140625 0.146875 0.02734375 0.03671875
0 0.72265625 0.25625 0.01875 0.04765625
0 0.4890625 0.26328125 0.0375 0.03125
0 0.5328125 0.34140625 0.02421875 0.05546875