0 0.778125 0.51875 0.0484375 0.05703125
0 0.421875 0.67109375 0.0296875 0.06171875
0 0.234375 0.55859375 0.02734375 0.05703125
0 0.15625 0.47578125 0.03515625 0.0796875
0 0.1890625 0.26171875 0.075 0.06484375
0 0.771875 0.23046875 0.02734375 0.10234375
0 0.9203125 0.5921875 0.06328125 0.08515625
0 0.11640625 0.21171875 0.0296875 0.0453125
0 0.5734375 0.15859375 0.04453125 0.02265625
0 0.321875 0.81875 0.0515625 0.07265625
0 0.34140625 0.53125 0.04296875 0.07109375
0 0.0546875 0.425 0.03359375 0.06015625