0 0.54296875 0.44921875 0.03359375 0.09140625
0 0.54375 0.49453125 0.05 0.05234375
0 0.3125 0.778125 0.02734375 0.06171875
0 0.29765625 0.89375 0.06875 0.03046875
0 0.41328125 0.89375 0.03515625 0.05
0 0.703125 0.2765625 0.0390625 0.0453125
0 0.73046875 0.24921875 0.03125 0.04375
0 0.04140625 0.440625 0.04453125 0.0453125
0 0.9078125 0.88515625 0.03515625 0.090625
0 0.7921875 0.4859375 0.03203125 0.05
0 0.6640625 0.2625 0.0296875 0.075
0 0.73984375 0.096875 0.02265625 0.07578125
0 0.5046875 0.84921875 0.04140625 0.0421875
0 0.64609375 0.90546875 0.025 0.07734375