0 0.1703125 0.50625 0.03828125 0.02734375
0 0.1421875 0.32421875 0.02421875 0.07734375
0 0.14921875 0.2234375 0.02265625 0.0453125
0 0.19609375 0.09453125 0.05859375 0.03046875
0 0.303125 0.02890625 0.05 0.0234375
0 0.26171875 0.1703125 0.0234375 0.03671875
0 0.53984375 0.02421875 0.0203125 0.0484375
0 0.38203125 0.77109375 0.05859375 0.0203125
0 0.48671875 0.63515625 0.02734375 0.065625
0 0.4484375 0.56484375 0.03125 0.07109375
0 0.29765625 0.26015625 0.02109375 0.01953125
0 0.26328125 0.275 0.04140625 0.04296875
0 0.71875 0.20625 0.05390625 0.03203125
0 0.77890625 0.05625 0.09609375 0.05546875
0 0.790625 0.02734375 0.05234375 0.05390625
0 0.4875 0.7296875 0.040625 0.0421875
0 0.359375 0.59296875 0.034375 0.07265625
0 0.409375 0.6296875 0.0609375 0.0296875