0 0.26015625 0.8546875 0.05 0.04140625
0 0.153125 0.6546875 0.05234375 0.03515625
0 0.46875 0.4109375 0.03359375 0.0796875
0 0.52578125 0.321875 0.046875 0.059375
0 0.57890625 0.50390625 0.05546875 0.05703125
0 0.29609375 0.29375 0.02109375 0.07421875
0 0.3484375 0.40703125 0.0546875 0.05234375
0 0.3765625 0.490625 0.046875 0.0890625
0 0.18671875 0.2265625 0.0296875 0.07421875
0 0.415625 0.3359375 0.0390625 0.0640625
0 0.22578125 0.78515625 0.02734375 0.06171875
0 0.02265625 0.91171875 0.040625 0.06640625
0 0.1546875 0.14375 0.0140625 0.03984375
0 0.14765625 0.20859375 0.025 0.0390625