0 0.53515625 0.72421875 0.03203125 0.084375
0 0.253125 0.58125 0.0609375 0.046875
0 0.7625 0.703125 0.0390625 0.06171875
0 0.9515625 0.5609375 0.075 0.08671875
0 0.37265625 0.40625 0.0609375 0.0296875
0 0.44921875 0.36015625 0.028125 0.046875
0 0.1609375 0.06484375 0.04140625 0.03984375
0 0.52109375 0.03515625 0.02578125 0.06484375
0 0.603125 0.5140625 0.03671875 0.0375
0 0.33671875 0.48984375 0.06640625 0.04921875
0 0.34765625 0.50390625 0.0328125 0.04375
0 0.70078125 0.74375 0.04921875 0.04375