0 0.46328125 0.178125 0.0296875 0.0875
0 0.2875 0.17734375 0.04140625 0.06015625
0 0.32890625 0.128125 0.04140625 0.05078125
0 0.36640625 0.21640625 0.040625 0.04921875
0 0.63515625 0.44140625 0.0515625 0.07421875
0 0.70078125 0.48046875 0.053125 0.03046875
0 0.63359375 0.5578125 0.0265625 0.05703125
0 0.715625 0.60546875 0.0125 0.01640625
0 0.7265625 0.63828125 0.02109375 0.06640625
0 0.84765625 0.58125 0.05 0.0421875
0 0.87265625 0.80859375 0.03046875 0.1203125
0 0.796875 0.74375 0.0203125 0.06796875
0 0.81484375 0.7453125 0.02734375 0.08125
0 0.82421875 0.83125 0.025 0.06484375
0 0.80625 0.86953125 0.02421875 0.071875
0 0.02109375 0.2703125 0.02734375 0.04921875
0 0.825 0.9328125 0.0359375 0.04296875
0 0.83046875 0.89921875 0.025 0.0421875
0 0.64140625 0.63046875 0.04140625 0.06015625