0 0.30390625 0.58671875 0.0390625 0.03984375
0 0.4734375 0.8359375 0.03671875 0.0390625
0 0.55390625 0.028125 0.03046875 0.05234375
0 0.98046875 0.771875 0.03828125 0.03515625
0 0.7171875 0.08203125 0.03515625 0.04609375
0 0.84296875 0.36875 0.03125 0.025
0 0.47421875 0.725 0.02890625 0.03359375
0 0.403125 0.4875 0.0328125 0.03046875
0 0.49453125 0.22890625 0.02734375 0.03046875
0 0.66796875 0.2484375 0.02109375 0.01875
0 0.7234375 0.921875 0.0203125 0.02890625
0 0.7796875 0.23046875 0.0328125 0.03046875