0 0.37421875 0.48828125 0.02265625 0.05546875
0 0.53359375 0.30390625 0.01796875 0.05078125
0 0.52890625 0.559375 0.0640625 0.03515625
0 0.225 0.03515625 0.04765625 0.03984375
0 0.70859375 0.1203125 0.02109375 0.1078125
0 0.75 0.209375 0.05234375 0.09765625
0 0.78671875 0.22578125 0.02890625 0.090625
0 0.6703125 0.65703125 0.01796875 0.05859375
0 0.42421875 0.78828125 0.06953125 0.0421875
0 0.46171875 0.8828125 0.04375 0.06640625
0 0.6046875 0.9359375 0.05859375 0.03359375
0 0.8296875 0.72890625 0.03515625 0.04765625
0 0.896875 0.37578125 0.06328125 0.04765625
0 0.97265625 0.40234375 0.053125 0.04921875
0 0.34765625 0.77734375 0.05078125 0.03359375
0 0.2375 0.47109375 0.03671875 0.05234375
0 0.334375 0.14765625 0.0390625 0.0890625
0 0.43203125 0.07734375 0.0296875 0.08203125
0 0.54375 0.153125 0.0390625 0.04921875
0 0.7125 0.26015625 0.01875 0.04765625
0 0.028125 0.03125 0.0296875 0.04921875
0 0.734375 0.61640625 0.05390625 0.03515625