0 0.9421875 0.80546875 0.0296875 0.0859375
0 0.94140625 0.47421875 0.03828125 0.1046875
0 0.86328125 0.36484375 0.05 0.0328125
0 0.3578125 0.6140625 0.05859375 0.03671875
0 0.1125 0.5640625 0.053125 0.059375
0 0.240625 0.3375 0.02421875 0.0640625
0 0.14140625 0.05625 0.03515625 0.065625
0 0.35859375 0.28984375 0.046875 0.05078125
0 0.659375 0.04375 0.03671875 0.03671875
0 0.6734375 0.40234375 0.0265625 0.06640625
0 0.35234375 0.7671875 0.0328125 0.084375
0 0.00859375 0.73203125 0.0171875 0.0515625