0 0.23203125 0.24765625 0.02890625 0.07421875
0 0.57421875 0.3 0.02109375 0.11484375
0 0.67421875 0.50078125 0.04296875 0.08515625
0 0.86640625 0.24375 0.025 0.0890625
0 0.75390625 0.028125 0.03046875 0.05546875
0 0.6984375 0.82578125 0.03203125 0.07265625
0 0.675 0.66484375 0.0203125 0.07734375
0 0.31796875 0.7828125 0.03203125 0.09453125
0 0.13671875 0.8046875 0.05 0.03046875
0 0.56796875 0.69140625 0.0390625 0.04375
0 0.95625 0.55078125 0.040625 0.05859375
0 0.5015625 0.89765625 0.05703125 0.0390625
0 0.44609375 0.39140625 0.01875 0.025
0 0.41640625 0.246875 0.0453125 0.03203125
0 0.45625 0.240625 0.04296875 0.04765625
0 0.47265625 0.01953125 0.07578125 0.0390625
0 0.91171875 0.03515625 0.0203125 0.0609375
0 0.98515625 0.12109375 0.028125 0.03671875
0 0.65390625 0.2328125 0.05 0.04765625
0 0.8109375 0.66171875 0.034375 0.1