0 0.5859375 0.4453125 0.04453125 0.07890625
0 0.71015625 0.325 0.05 0.0421875
0 0.73671875 0.39765625 0.03203125 0.096875
0 0.853125 0.7453125 0.0328125 0.05234375
0 0.27265625 0.56953125 0.0375 0.07890625
0 0.059375 0.59609375 0.07265625 0.0671875
0 0.42578125 0.35859375 0.0296875 0.09453125
0 0.51328125 0.253125 0.04453125 0.06171875
0 0.93515625 0.54375 0.04921875 0.04765625
0 0.1 0.37734375 0.05234375 0.04765625
0 0.746875 0.89140625 0.0421875 0.04609375
0 0.97421875 0.1421875 0.05 0.04140625
0 0.30859375 0.35625 0.03515625 0.07890625