0 0.56953125 0.36875 0.05234375 0.0296875
0 0.778125 0.65859375 0.01875 0.05234375
0 0.79140625 0.61484375 0.02265625 0.05
0 0.925 0.6015625 0.0578125 0.0375
0 0.87890625 0.703125 0.02265625 0.071875
0 0.1546875 0.8984375 0.03203125 0.0453125
0 0.7109375 0.2390625 0.059375 0.0546875
0 0.41015625 0.1109375 0.02421875 0.05703125
0 0.7546875 0.27890625 0.0390625 0.06484375
0 0.4546875 0.0578125 0.04140625 0.07421875
0 0.61171875 0.92109375 0.04140625 0.05703125
0 0.41484375 0.2546875 0.03515625 0.06484375
0 0.88359375 0.021875 0.065625 0.034375