0 0.56640625 0.79375 0.05859375 0.0546875
0 0.94765625 0.753125 0.0859375 0.046875
0 0.428125 0.68203125 0.0390625 0.12421875
0 0.5359375 0.5765625 0.0375 0.07734375
0 0.7984375 0.1171875 0.0765625 0.03515625
0 0.85 0.221875 0.07265625 0.084375
0 0.478125 0.4609375 0.05234375 0.08515625
0 0.4265625 0.8734375 0.059375 0.04765625
0 0.38203125 0.95859375 0.046875 0.08203125
0 0.9703125 0.87890625 0.05859375 0.0578125
0 0.7734375 0.9046875 0.0390625 0.03828125
0 0.50859375 0.54765625 0.025 0.103125
0 0.296875 0.7390625 0.02734375 0.06875
0 0.9828125 0.80546875 0.0296875 0.025