0 0.559375 0.3953125 0.0390625 0.06875
0 0.5171875 0.478125 0.03515625 0.05859375
0 0.58671875 0.61953125 0.03515625 0.06953125
0 0.20078125 0.6109375 0.04296875 0.05234375
0 0.17578125 0.32734375 0.04296875 0.06484375
0 0.25078125 0.09140625 0.046875 0.03359375
0 0.3421875 0.17421875 0.02734375 0.07578125
0 0.40234375 0.3515625 0.0203125 0.06953125
0 0.36875 0.378125 0.04296875 0.02734375
0 0.9234375 0.1046875 0.0203125 0.08203125
0 0.8390625 0.1375 0.046875 0.0421875
0 0.96171875 0.340625 0.0265625 0.05390625
0 0.85 0.49765625 0.040625 0.07890625
0 0.85859375 0.62109375 0.05 0.03203125
0 0.646875 0.434375 0.059375 0.03828125
0 0.54140625 0.5375 0.028125 0.06328125
0 0.30703125 0.91875 0.0265625 0.08125
0 0.3703125 0.9171875 0.04375 0.07734375
0 0.15703125 0.10546875 0.07578125 0.0296875
0 0.540625 0.1140625 0.059375 0.04765625
0 0.54296875 0.08203125 0.053125 0.0421875
0 0.44765625 0.11875 0.0328125 0.0453125
0 0.784375 0.240625 0.03515625 0.05390625