0 0.2796875 0.3453125 0.0390625 0.05703125
0 0.40234375 0.19453125 0.03046875 0.0453125
0 0.5953125 0.11015625 0.040625 0.07421875
0 0.6171875 0.3109375 0.03046875 0.05234375
0 0.8109375 0.234375 0.04296875 0.04765625
0 0.78984375 0.365625 0.02734375 0.04375
0 0.275 0.7859375 0.059375 0.0671875
0 0.3625 0.7328125 0.07578125 0.025
0 0.40390625 0.68515625 0.0546875 0.05859375
0 0.3734375 0.7875 0.04375 0.04765625
0 0.31171875 0.9 0.0421875 0.05703125
0 0.59765625 0.7421875 0.034375 0.05078125
0 0.903125 0.91328125 0.05546875 0.05546875
0 0.7796875 0.571875 0.0296875 0.06796875
0 0.03515625 0.45078125 0.025 0.05859375
0 0.28984375 0.03203125 0.02265625 0.05078125
0 0.640625 0.534375 0.059375 0.04296875
0 0.696875 0.94296875 0.03515625 0.0640625
0 0.54140625 0.28515625 0.034375 0.0828125
0 0.846875 0.53125 0.05859375 0.040625
0 0.75703125 0.14453125 0.046875 0.02890625