0 0.18984375 0.3640625 0.0484375 0.0640625
0 0.246875 0.384375 0.05703125 0.05546875
0 0.20859375 0.51484375 0.034375 0.06640625
0 0.14375 0.840625 0.0390625 0.05546875
0 0.35703125 0.6265625 0.04375 0.0390625
0 0.64453125 0.64375 0.02109375 0.06953125
0 0.63046875 0.9265625 0.046875 0.03515625
0 0.4390625 0.9578125 0.03671875 0.03984375
0 0.53203125 0.83359375 0.0703125 0.06640625
0 0.95546875 0.88515625 0.04921875 0.05859375
0 0.76015625 0.51171875 0.07734375 0.03828125
0 0.77734375 0.48046875 0.03828125 0.03046875
0 0.8265625 0.46484375 0.04453125 0.04140625