0 0.29765625 0.6265625 0.046875 0.025
0 0.36484375 0.603125 0.08671875 0.0421875
0 0.4546875 0.625 0.02734375 0.04609375
0 0.75078125 0.9 0.04140625 0.04765625
0 0.5953125 0.94296875 0.03671875 0.0703125
0 0.14375 0.815625 0.04296875 0.04609375
0 0.18046875 0.909375 0.03203125 0.07265625
0 0.26640625 0.92578125 0.04296875 0.03671875
0 0.2390625 0.28515625 0.028125 0.0703125
0 0.3265625 0.321875 0.05 0.05078125
0 0.1046875 0.1625 0.0328125 0.065625
0 0.15078125 0.2625 0.046875 0.071875
0 0.6078125 0.38671875 0.02890625 0.0859375
0 0.8109375 0.36796875 0.04140625 0.0703125
0 0.9359375 0.2109375 0.02578125 0.06015625
0 0.02109375 0.07890625 0.03515625 0.040625
0 0.0296875 0.23671875 0.046875 0.04921875