0 0.29375 0.8328125 0.0609375 0.0421875
0 0.5640625 0.58359375 0.0296875 0.0828125
0 0.46484375 0.5140625 0.02265625 0.05703125
0 0.50234375 0.43359375 0.0265625 0.059375
0 0.2296875 0.14453125 0.02578125 0.1046875
0 0.76171875 0.04140625 0.0640625 0.05703125
0 0.47421875 0.93125 0.0296875 0.084375
0 0.0265625 0.95234375 0.03515625 0.0640625
0 0.39140625 0.60390625 0.0359375 0.09765625
0 0.271875 0.45625 0.025 0.04921875
0 0.2671875 0.26328125 0.03203125 0.0640625
0 0.20859375 0.07421875 0.025 0.084375