0 0.790625 0.80546875 0.03515625 0.0921875
0 0.9046875 0.7546875 0.028125 0.059375
0 0.88671875 0.65234375 0.03359375 0.03046875
0 0.88203125 0.57421875 0.03515625 0.03203125
0 0.9109375 0.54296875 0.0296875 0.05
0 0.6375 0.3359375 0.05859375 0.03046875
0 0.70078125 0.51640625 0.05 0.0375
0 0.63671875 0.18203125 0.01875 0.0453125
0 0.47265625 0.171875 0.03515625 0.0546875
0 0.37734375 0.5078125 0.0484375 0.03515625
0 0.51015625 0.43984375 0.04296875 0.09609375
0 0.37265625 0.03515625 0.02421875 0.06484375
0 0.01640625 0.4484375 0.0328125 0.0375
0 0.95625 0.62890625 0.028125 0.0734375