0 0.815625 0.05 0.07109375 0.0453125
0 0.97421875 0.11015625 0.04140625 0.084375
0 0.084375 0.08359375 0.0265625 0.0921875
0 0.153125 0.753125 0.04453125 0.05234375
0 0.3671875 0.71953125 0.03515625 0.0546875
0 0.409375 0.928125 0.05546875 0.03984375
0 0.50390625 0.11328125 0.03515625 0.090625
0 0.56015625 0.06796875 0.040625 0.0921875
0 0.1265625 0.50625 0.028125 0.07109375
0 0.91796875 0.209375 0.03828125 0.0703125
0 0.828125 0.55859375 0.03671875 0.04609375
0 0.8140625 0.6296875 0.0390625 0.04921875
0 0.66640625 0.5703125 0.075 0.04375
0 0.17734375 0.69375 0.03515625 0.06640625
0 0.8671875 0.9671875 0.02734375 0.06484375
0 0.346875 0.4625 0.0265625 0.0453125