0 0.44140625 0.5875 0.05859375 0.075
0 0.559375 0.72578125 0.08359375 0.0421875
0 0.796875 0.41484375 0.0375 0.0921875
0 0.4875 0.234375 0.04453125 0.07890625
0 0.63359375 0.3015625 0.03203125 0.04375
0 0.303125 0.04296875 0.04296875 0.07421875
0 0.0546875 0.771875 0.021875 0.06953125
0 0.078125 0.81015625 0.0578125 0.02734375
0 0.3 0.76171875 0.05390625 0.03515625
0 0.2828125 0.8 0.06953125 0.06796875
0 0.3265625 0.90234375 0.03359375 0.0921875
0 0.34765625 0.88359375 0.021875 0.059375
0 0.1296875 0.76796875 0.046875 0.028125
0 0.5359375 0.83671875 0.01796875 0.05390625
0 0.54921875 0.8203125 0.02109375 0.04921875
0 0.15859375 0.765625 0.0265625 0.05703125
0 0.18359375 0.75390625 0.0390625 0.05390625