0 0.19453125 0.38203125 0.04609375 0.06328125
0 0.8078125 0.5015625 0.04140625 0.103125
0 0.840625 0.57578125 0.01640625 0.0828125
0 0.875 0.584375 0.05546875 0.0390625
0 0.96015625 0.8953125 0.06171875 0.05390625
0 0.5734375 0.7015625 0.059375 0.03984375
0 0.48671875 0.55078125 0.03828125 0.05234375
0 0.321875 0.68984375 0.05390625 0.08125
0 0.26171875 0.9546875 0.0859375 0.04921875
0 0.03203125 0.39453125 0.0640625 0.03125
0 0.46328125 0.04921875 0.08671875 0.040625
0 0.628125 0.8484375 0.04609375 0.03046875