0 0.15 0.13828125 0.040625 0.07109375
0 0.26171875 0.18515625 0.0203125 0.05390625
0 0.28984375 0.18359375 0.05546875 0.0703125
0 0.13359375 0.4484375 0.02265625 0.05078125
0 0.15 0.40234375 0.03828125 0.05859375
0 0.01875 0.45546875 0.03671875 0.07109375
0 0.3609375 0.64375 0.02734375 0.0921875
0 0.36328125 0.71953125 0.03671875 0.04765625
0 0.6171875 0.7609375 0.03828125 0.03125
0 0.33671875 0.8328125 0.03203125 0.05859375
0 0.4109375 0.92265625 0.0375 0.1015625
0 0.77421875 0.79140625 0.040625 0.05859375
0 0.93359375 0.8296875 0.03828125 0.07421875
0 0.96953125 0.16796875 0.0296875 0.05078125
0 0.9875 0.20234375 0.02421875 0.04765625