0 0.65234375 0.1828125 0.03203125 0.08671875
0 0.4625 0.13125 0.07578125 0.03125
0 0.4984375 0.05859375 0.034375 0.05703125
0 0.15625 0.565625 0.05078125 0.0484375
0 0.41171875 0.29609375 0.06171875 0.07890625
0 0.73203125 0.9484375 0.08828125 0.0421875
0 0.52109375 0.68203125 0.05546875 0.0390625
0 0.09921875 0.40546875 0.0265625 0.07265625
0 0.36328125 0.14453125 0.05859375 0.06953125
0 0.37265625 0.74140625 0.0390625 0.07578125
0 0.471875 0.74140625 0.01875 0.06953125
0 0.53828125 0.61796875 0.04375 0.07578125
0 0.015625 0.8375 0.03125 0.0359375