0 0.4890625 0.425 0.0609375 0.0375
0 0.27421875 0.521875 0.03515625 0.05234375
0 0.15078125 0.58203125 0.04375 0.084375
0 0.19375 0.6703125 0.046875 0.05625
0 0.24765625 0.934375 0.04296875 0.096875
0 0.096875 0.87734375 0.0390625 0.07734375
0 0.97109375 0.365625 0.04296875 0.08125
0 0.48515625 0.296875 0.02421875 0.03671875
0 0.50859375 0.3296875 0.025 0.04140625
0 0.60546875 0.2859375 0.03828125 0.05546875
0 0.32890625 0.14375 0.02734375 0.05
0 0.28125 0.3625 0.04921875 0.05390625
0 0.6578125 0.20390625 0.028125 0.03671875
0 0.89296875 0.1421875 0.03828125 0.0453125
0 0.946875 0.6328125 0.0484375 0.06171875
0 0.7546875 0.00625 0.0125 0.0125
0 0.78359375 0.028125 0.05703125 0.04609375
0 0.7890625 0.96015625 0.0609375 0.04140625
0 0.68671875 0.496875 0.0296875 0.06171875