0 0.59296875 0.30234375 0.0875 0.03203125
0 0.66171875 0.77421875 0.02421875 0.09921875
0 0.78828125 0.63828125 0.0390625 0.03671875
0 0.5078125 0.0875 0.0375 0.059375
0 0.1375 0.85546875 0.04296875 0.05
0 0.7671875 0.8765625 0.03515625 0.0890625
0 0.7828125 0.80546875 0.03515625 0.07578125
0 0.97578125 0.97421875 0.02109375 0.0421875
0 0.38828125 0.9609375 0.0328125 0.04296875
0 0.40234375 0.93984375 0.0390625 0.025
0 0.45234375 0.9671875 0.04609375 0.03515625
0 0.19765625 0.884375 0.02890625 0.04140625
0 0.2375 0.89609375 0.03046875 0.0328125
0 0.17421875 0.82578125 0.02265625 0.059375
0 0.19609375 0.928125 0.04296875 0.03515625
0 0.75703125 0.13125 0.0234375 0.03125
0 0.71875 0.04765625 0.02265625 0.040625
0 0.734375 0.08828125 0.02734375 0.04921875