0 0.4109375 0.759375 0.0265625 0.05
0 0.40078125 0.5609375 0.02421875 0.05234375
0 0.74609375 0.5734375 0.03515625 0.05234375
0 0.80546875 0.43828125 0.02421875 0.06484375
0 0.32890625 0.80390625 0.0265625 0.0390625
0 0.22265625 0.25546875 0.05625 0.03203125
0 0.778125 0.7890625 0.03359375 0.0453125
0 0.29296875 0.1984375 0.0265625 0.07578125
0 0.8875 0.0578125 0.04375 0.04921875
0 0.42578125 0.815625 0.06640625 0.0359375
0 0.703125 0.5734375 0.0484375 0.03359375
0 0.08515625 0.8984375 0.06484375 0.0640625
0 0.2625 0.41171875 0.03046875 0.06015625
0 0.1296875 0.46171875 0.02421875 0.0609375