0 0.70703125 0.41796875 0.02421875 0.08125
0 0.753125 0.4 0.02265625 0.06171875
0 0.89375 0.25390625 0.034375 0.07890625
0 0.97265625 0.4796875 0.046875 0.05234375
0 0.8234375 0.83671875 0.04140625 0.04375
0 0.815625 0.959375 0.05 0.0546875
0 0.0625 0.79765625 0.05546875 0.03984375
0 0.12890625 0.76875 0.046875 0.04765625
0 0.3296875 0.38125 0.02890625 0.084375
0 0.16484375 0.1640625 0.04140625 0.03046875
0 0.11640625 0.125 0.02890625 0.09140625
0 0.34453125 0.2625 0.06953125 0.0390625
0 0.42890625 0.14921875 0.05234375 0.05546875
0 0.50546875 0.2140625 0.0453125 0.040625
0 0.55 0.38046875 0.0296875 0.06953125
0 0.39453125 0.615625 0.05859375 0.05234375
0 0.12578125 0.4578125 0.0390625 0.04140625
0 0.69765625 0.6625 0.04296875 0.04375
0 0.4390625 0.91796875 0.0734375 0.04921875
0 0.6203125 0.43515625 0.03671875 0.05078125
0 0.83125 0.6328125 0.03515625 0.0390625