0 0.76328125 0.7703125 0.021875 0.06171875
0 0.7140625 0.46640625 0.02109375 0.05234375
0 0.5578125 0.3609375 0.0375 0.075
0 0.28046875 0.60859375 0.0375 0.0765625
0 0.68203125 0.05625 0.0390625 0.08203125
0 0.578125 0.8875 0.03515625 0.06171875
0 0.86328125 0.4484375 0.05390625 0.025
0 0.2171875 0.4765625 0.0390625 0.1265625
0 0.41875 0.2421875 0.05390625 0.034375
0 0.21484375 0.82578125 0.0390625 0.03515625
0 0.2296875 0.77421875 0.02421875 0.02734375
0 0.88515625 0.7328125 0.04609375 0.0359375
0 0.86875 0.40234375 0.0296875 0.05546875
0 0.83828125 0.78125 0.03046875 0.04375
0 0.97421875 0.39140625 0.04375 0.0375
0 0.375 0.33515625 0.065625 0.05859375