0 0.28984375 0.66015625 0.02734375 0.07578125
0 0.46171875 0.73203125 0.0296875 0.0375
0 0.45859375 0.665625 0.03515625 0.021875
0 0.4953125 0.6734375 0.0390625 0.02890625
0 0.578125 0.8109375 0.0390625 0.0203125
0 0.57421875 0.87890625 0.02421875 0.07109375
0 0.7359375 0.559375 0.04765625 0.03203125
0 0.77578125 0.54921875 0.03203125 0.03046875
0 0.234375 0.115625 0.03359375 0.06328125
0 0.08828125 0.39375 0.03515625 0.0796875
0 0.2109375 0.4796875 0.0484375 0.05546875
0 0.66015625 0.69453125 0.03046875 0.05390625