0 0.171875 0.0515625 0.0484375 0.06171875
0 0.7828125 0.26640625 0.03203125 0.09453125
0 0.62421875 0.63515625 0.0578125 0.08515625
0 0.19375 0.50625 0.04296875 0.12734375
0 0.6734375 0.4703125 0.05546875 0.034375
0 0.41640625 0.95078125 0.0296875 0.09375
0 0.02734375 0.075 0.0390625 0.1
0 0.79140625 0.8078125 0.053125 0.0640625
0 0.39140625 0.55859375 0.03359375 0.07109375
0 0.42578125 0.8515625 0.04296875 0.04296875
0 0.16953125 0.62578125 0.05546875 0.040625
0 0.0765625 0.90859375 0.05546875 0.04296875
0 0.8015625 0.5671875 0.03515625 0.07265625
0 0.55078125 0.56796875 0.05078125 0.03671875
0 0.3734375 0.10234375 0.03828125 0.04609375
0 0.38203125 0.44140625 0.034375 0.05546875
0 0.41171875 0.365625 0.05078125 0.0375
0 0.75703125 0.89375 0.02578125 0.05703125
0 0.75859375 0.3203125 0.0609375 0.03359375
0 0.7578125 0.1125 0.03203125 0.0890625