0 0.20546875 0.33828125 0.05234375 0.09375
0 0.11171875 0.63203125 0.0390625 0.034375
0 0.18671875 0.80234375 0.0296875 0.05703125
0 0.88203125 0.459375 0.03203125 0.0875
0 0.5703125 0.7109375 0.028125 0.0765625
0 0.509375 0.93671875 0.04453125 0.0765625
0 0.3890625 0.0328125 0.04296875 0.0390625
0 0.53671875 0.59765625 0.03515625 0.06484375
0 0.7234375 0.66484375 0.0203125 0.04921875
0 0.75 0.62734375 0.025 0.05390625
0 0.33671875 0.31015625 0.03515625 0.0640625
0 0.15234375 0.034375 0.0390625 0.06328125
0 0.9140625 0.4171875 0.0734375 0.05234375
0 0.15625 0.9703125 0.071875 0.04921875
0 0.32578125 0.90625 0.03515625 0.0828125
0 0.4703125 0.778125 0.040625 0.03515625