0 0.07578125 0.3109375 0.05859375 0.04609375
0 0.24140625 0.309375 0.059375 0.0421875
0 0.54296875 0.5046875 0.05859375 0.04609375
0 0.58359375 0.59296875 0.05 0.03203125
0 0.48359375 0.61015625 0.03203125 0.05390625
0 0.66640625 0.715625 0.03515625 0.03046875
0 0.690625 0.8 0.025 0.04140625
0 0.703125 0.865625 0.025 0.05859375
0 0.4078125 0.89609375 0.034375 0.04609375
0 0.76015625 0.48203125 0.04140625 0.04765625
0 0.16484375 0.8671875 0.04140625 0.04765625
0 0.42890625 0.82109375 0.0265625 0.04375
0 0.196875 0.53515625 0.0296875 0.07890625