0 0.5203125 0.13671875 0.01875 0.06796875
0 0.63515625 0.27734375 0.0390625 0.07578125
0 0.31796875 0.49140625 0.0296875 0.07578125
0 0.19921875 0.6171875 0.06171875 0.0546875
0 0.375 0.88046875 0.05546875 0.04296875
0 0.50859375 0.73515625 0.03515625 0.040625
0 0.4453125 0.8890625 0.025 0.040625
0 0.5484375 0.559375 0.02421875 0.07890625
0 0.053125 0.3359375 0.0484375 0.05703125
0 0.06640625 0.23671875 0.03671875 0.05234375
0 0.12890625 0.20390625 0.0390625 0.0671875
0 0.3765625 0.2578125 0.04765625 0.03046875
0 0.7765625 0.1734375 0.0953125 0.03046875
0 0.9421875 0.459375 0.01796875 0.06640625
0 0.4421875 0.36171875 0.02578125 0.03203125
0 0.240625 0.0953125 0.03671875 0.04140625
0 0.25 0.4078125 0.02421875 0.046875
0 0.41015625 0.39375 0.0265625 0.04921875
0 0.43125 0.4984375 0.0296875 0.06875
0 0.5921875 0.43203125 0.04140625 0.03359375
0 0.765625 0.02109375 0.03359375 0.0390625
0 0.6984375 0.36171875 0.034375 0.0390625
0 0.29296875 0.84609375 0.0390625 0.04375
0 0.19140625 0.8203125 0.03359375 0.04609375
0 0.12734375 0.9375 0.028125 0.03046875
0 0.0390625 0.76796875 0.040625 0.04921875
0 0.0515625 0.56328125 0.03515625 0.05078125
0 0.109375 0.50234375 0.040625 0.02890625
0 0.22578125 0.284375 0.03046875 0.05234375
0 0.803125 0.034375 0.0203125 0.05234375
0 0.7796875 0.92734375 0.0296875 0.02734375
0 0.90078125 0.8578125 0.02734375 0.03828125
0 0.42734375 0.95078125 0.025 0.0671875
0 0.79765625 0.12421875 0.04765625 0.03671875