0 0.45625 0.28671875 0.0609375 0.03515625
0 0.14453125 0.65 0.03046875 0.0671875
0 0.5546875 0.7515625 0.02734375 0.0640625
0 0.6625 0.59609375 0.053125 0.025
0 0.43984375 0.8484375 0.0578125 0.03671875
0 0.35234375 0.90546875 0.0359375 0.07421875
0 0.40859375 0.740625 0.02734375 0.0421875
0 0.49140625 0.9703125 0.03125 0.0390625
0 0.6375 0.64609375 0.01875 0.06796875
0 0.67578125 0.53125 0.04921875 0.04765625
0 0.08671875 0.3953125 0.02578125 0.04609375
0 0.70078125 0.815625 0.03671875 0.0328125
0 0.684375 0.28125 0.03359375 0.0421875