0 0.38515625 0.04453125 0.01796875 0.0828125
0 0.0453125 0.403125 0.025 0.05859375
0 0.06953125 0.39453125 0.01875 0.07265625
0 0.7609375 0.1859375 0.04140625 0.03359375
0 0.37109375 0.71875 0.034375 0.09296875
0 0.47265625 0.73046875 0.05078125 0.0390625
0 0.51484375 0.65078125 0.05234375 0.0328125
0 0.5984375 0.621875 0.03203125 0.04609375
0 0.72421875 0.0140625 0.0203125 0.028125
0 0.6421875 0.0234375 0.01640625 0.0375
0 0.49609375 0.06484375 0.0390625 0.0453125
0 0.7328125 0.21484375 0.025 0.06171875
0 0.74609375 0.3578125 0.04140625 0.084375
0 0.578125 0.95625 0.0296875 0.04765625
0 0.13984375 0.9375 0.034375 0.04296875
0 0.59453125 0.37890625 0.0328125 0.06640625
0 0.6203125 0.3328125 0.03203125 0.07890625
0 0.75859375 0.08828125 0.06328125 0.03828125
0 0.24609375 0.08359375 0.03828125 0.0390625
0 0.42890625 0.628125 0.01796875 0.065625
0 0.3359375 0.21875 0.04375 0.02890625
0 0.340625 0.16171875 0.0390625 0.02890625
0 0.340625 0.1296875 0.0390625 0.02265625
0 0.465625 0.18203125 0.03125 0.05703125
0 0.509375 0.39296875 0.03515625 0.05703125
0 0.49765625 0.27421875 0.02734375 0.07265625
0 0.12734375 0.509375 0.0453125 0.04765625
0 0.27578125 0.38984375 0.05078125 0.03203125
0 0.3171875 0.725 0.0453125 0.06796875
0 0.33203125 0.9546875 0.03515625 0.06796875
0 0.95546875 0.72890625 0.0296875 0.0859375
0 0.86875 0.30390625 0.0484375 0.05078125
0 0.740625 0.51640625 0.04296875 0.04140625
0 0.07578125 0.64453125 0.0609375 0.03984375
0 0.703125 0.13046875 0.04296875 0.04609375
0 0.471875 0.65 0.0265625 0.06171875
0 0.66484375 0.5875 0.05546875 0.02890625
0 0.70703125 0.5625 0.02421875 0.06328125
0 0.1046875 0.8640625 0.028125 0.1