0 0.93203125 0.140625 0.02734375 0.046875
0 0.97265625 0.21796875 0.053125 0.0421875
0 0.15 0.396875 0.03359375 0.08671875
0 0.85859375 0.80078125 0.0296875 0.059375
0 0.67109375 0.946875 0.0390625 0.0421875
0 0.703125 0.934375 0.02421875 0.02265625
0 0.346875 0.96796875 0.0296875 0.04375
0 0.3390625 0.8796875 0.03203125 0.071875
0 0.125 0.70859375 0.03359375 0.04765625
0 0.55234375 0.3734375 0.021875 0.05
0 0.43046875 0.32734375 0.03515625 0.04765625
0 0.6765625 0.259375 0.0453125 0.0390625
0 0.71015625 0.4 0.0265625 0.06171875
0 0.7625 0.92421875 0.034375 0.1046875
0 0.790625 0.8078125 0.040625 0.084375
0 0.28984375 0.1546875 0.03671875 0.065625
0 0.63046875 0.19140625 0.025 0.0859375
0 0.98046875 0.6953125 0.0265625 0.0953125
0 0.19765625 0.059375 0.02890625 0.07421875