0 0.4609375 0.74375 0.03359375 0.06484375
0 0.52734375 0.86875 0.03203125 0.06953125
0 0.5953125 0.5953125 0.06015625 0.059375
0 0.01875 0.2546875 0.0328125 0.06484375
0 0.921875 0.15390625 0.0375 0.06171875
0 0.56640625 0.3484375 0.02734375 0.059375
0 0.25 0.38515625 0.04453125 0.05703125
0 0.828125 0.54765625 0.05390625 0.03515625
0 0.76328125 0.53828125 0.03515625 0.0578125
0 0.46796875 0.9578125 0.05859375 0.02734375
0 0.7796875 0.10859375 0.04296875 0.1
0 0.28125 0.10390625 0.034375 0.06875
0 0.68359375 0.621875 0.02109375 0.05546875
0 0.6953125 0.596875 0.03515625 0.05390625
0 0.77578125 0.446875 0.046875 0.0734375
0 0.77265625 0.72265625 0.06171875 0.03828125
0 0.41953125 0.4671875 0.04296875 0.06015625