0 0.61015625 0.19296875 0.03203125 0.05078125
0 0.59296875 0.27109375 0.08828125 0.025
0 0.17265625 0.78125 0.04140625 0.03828125
0 0.73984375 0.80859375 0.034375 0.04140625
0 0.7890625 0.659375 0.0453125 0.03046875
0 0.83515625 0.63671875 0.04921875 0.0421875
0 0.52265625 0.73359375 0.02265625 0.05078125
0 0.63046875 0.88515625 0.05859375 0.0234375
0 0.58125 0.7765625 0.04921875 0.059375
0 0.4640625 0.41640625 0.03828125 0.03046875
0 0.3703125 0.4546875 0.02734375 0.06953125
0 0.340625 0.9625 0.04140625 0.04296875