0 0.2515625 0.225 0.04609375 0.0953125
0 0.1421875 0.225 0.06484375 0.059375
0 0.2921875 0.36953125 0.05546875 0.04375
0 0.6546875 0.39296875 0.04296875 0.05390625
0 0.71015625 0.39453125 0.04140625 0.034375
0 0.89453125 0.46953125 0.0390625 0.08671875
0 0.7109375 0.60078125 0.040625 0.07578125
0 0.77890625 0.8953125 0.028125 0.05703125
0 0.44453125 0.809375 0.04296875 0.04375
0 0.521875 0.74296875 0.05234375 0.0421875
0 0.50234375 0.83046875 0.0515625 0.03515625
0 0.19296875 0.6734375 0.05 0.03828125
0 0.02890625 0.7171875 0.0328125 0.1
0 0.0421875 0.32890625 0.0390625 0.06484375
0 0.13671875 0.440625 0.053125 0.03515625
0 0.340625 0.053125 0.021875 0.04609375
0 0.675 0.0703125 0.0515625 0.03359375
0 0.38828125 0.09375 0.015625 0.01875
0 0.38984375 0.11953125 0.01640625 0.02734375
0 0.41015625 0.13125 0.02421875 0.02265625