0 0.64765625 0.5765625 0.05625 0.03671875
0 0.58984375 0.5078125 0.01875 0.06953125
0 0.609375 0.4671875 0.0390625 0.03203125
0 0.79296875 0.26640625 0.03359375 0.09453125
0 0.22265625 0.65 0.03203125 0.0546875
0 0.86953125 0.94296875 0.0484375 0.06953125
0 0.3796875 0.81328125 0.05390625 0.05234375
0 0.3421875 0.55625 0.04296875 0.028125
0 0.50703125 0.2546875 0.02109375 0.06484375
0 0.81640625 0.41328125 0.04296875 0.0390625
0 0.8625 0.69296875 0.0484375 0.046875
0 0.32578125 0.63203125 0.02421875 0.034375
0 0.31328125 0.66953125 0.0328125 0.03046875
0 0.45625 0.02109375 0.025 0.0421875
0 0.22578125 0.1390625 0.02734375 0.07265625