0 0.06875 0.3234375 0.0390625 0.1046875
0 0.5921875 0.31875 0.02109375 0.07890625
0 0.6359375 0.3078125 0.065625 0.0875
0 0.4375 0.83359375 0.03515625 0.0890625
0 0.9640625 0.38046875 0.05390625 0.1
0 0.88515625 0.5625 0.03515625 0.07421875
0 0.3234375 0.1984375 0.0265625 0.06171875
0 0.3484375 0.49140625 0.0265625 0.06640625
0 0.31015625 0.978125 0.03671875 0.04140625
0 0.7140625 0.61171875 0.04375 0.03203125
0 0.76640625 0.59765625 0.0328125 0.03203125
0 0.79453125 0.7421875 0.02734375 0.08125
0 0.90390625 0.61328125 0.025 0.03515625