0 0.11796875 0.1921875 0.034375 0.06015625
0 0.20625 0.1984375 0.04765625 0.05234375
0 0.265625 0.16640625 0.04140625 0.05703125
0 0.2625 0.21328125 0.0296875 0.04609375
0 0.375 0.49453125 0.01875 0.04765625
0 0.5328125 0.55625 0.07265625 0.04765625
0 0.603125 0.7796875 0.03515625 0.05390625
0 0.46171875 0.8828125 0.04140625 0.059375
0 0.38515625 0.8875 0.0390625 0.04765625
0 0.26015625 0.92578125 0.040625 0.04375
0 0.44921875 0.98359375 0.05859375 0.03125
0 0.83125 0.73515625 0.03671875 0.05703125
0 0.90625 0.94453125 0.03671875 0.0671875
0 0.73671875 0.80625 0.02734375 0.07734375
0 0.709375 0.1125 0.0296875 0.0859375
0 0.71171875 0.18046875 0.0203125 0.04765625
0 0.7515625 0.2046875 0.04765625 0.08984375
0 0.78671875 0.215625 0.03125 0.0890625
0 0.953125 0.4125 0.0515625 0.05859375
0 0.72109375 0.3984375 0.034375 0.0390625
0 0.72890625 0.45 0.046875 0.05703125
0 0.3625 0.1734375 0.03515625 0.03046875
0 0.54609375 0.1453125 0.0328125 0.05078125
0 0.584375 0.14921875 0.0484375 0.05859375
0 0.92578125 0.08515625 0.0546875 0.0421875
0 0.72421875 0.6265625 0.05703125 0.04921875
0 0.21953125 0.03203125 0.046875 0.04375