0 0.23671875 0.2796875 0.06640625 0.03984375
0 0.3234375 0.4484375 0.040625 0.034375
0 0.36796875 0.46875 0.05078125 0.0375
0 0.40625 0.52578125 0.02265625 0.08828125
0 0.22578125 0.484375 0.06171875 0.03671875
0 0.19921875 0.91328125 0.07265625 0.04609375
0 0.47265625 0.234375 0.0296875 0.0703125
0 0.55 0.22109375 0.02265625 0.06484375
0 0.57578125 0.284375 0.04140625 0.06171875
0 0.815625 0.203125 0.0234375 0.06171875
0 0.94609375 0.76484375 0.05234375 0.06875
0 0.690625 0.92265625 0.0328125 0.08125
0 0.515625 0.07890625 0.025 0.09140625
0 0.6 0.0390625 0.0390625 0.0546875
0 0.278125 0.1640625 0.02734375 0.07734375
0 0.6578125 0.69375 0.04375 0.07890625