0 0.59765625 0.4796875 0.0296875 0.040625
0 0.5203125 0.2625 0.03671875 0.0453125
0 0.4828125 0.31484375 0.03828125 0.03515625
0 0.659375 0.2671875 0.0203125 0.06328125
0 0.7453125 0.5296875 0.0203125 0.04921875
0 0.70390625 0.609375 0.03671875 0.07265625
0 0.45859375 0.76015625 0.03203125 0.0578125
0 0.38125 0.56171875 0.03671875 0.07890625
0 0.7640625 0.91953125 0.04765625 0.03203125
0 0.703125 0.81484375 0.02734375 0.06640625
0 0.81484375 0.75703125 0.0453125 0.02734375
0 0.565625 0.93671875 0.0328125 0.07890625
0 0.5578125 0.7984375 0.03828125 0.0359375
0 0.68359375 0.8921875 0.03046875 0.04765625
0 0.83671875 0.1421875 0.05 0.02890625
0 0.54609375 0.36484375 0.04609375 0.03984375
0 0.47890625 0.50703125 0.03671875 0.03359375
0 0.77265625 0.71171875 0.03125 0.053125
0 0.459375 0.41328125 0.0296875 0.06640625
0 0.7875 0.32421875 0.05703125 0.0375
0 0.265625 0.16875 0.04296875 0.08125
0 0.721875 0.1390625 0.03515625 0.05546875
0 0.76171875 0.14140625 0.0546875 0.07421875
0 0.7484375 0.6 0.05078125 0.065625
0 0.32421875 0.4265625 0.0546875 0.040625