0 0.5734375 0.62890625 0.03203125 0.04765625
0 0.4296875 0.540625 0.053125 0.01875
0 0.94609375 0.32578125 0.04609375 0.07109375
0 0.64296875 0.63984375 0.06640625 0.03203125
0 0.67734375 0.615625 0.03828125 0.0609375
0 0.60078125 0.78203125 0.028125 0.03671875
0 0.60703125 0.8234375 0.0203125 0.03984375
0 0.5109375 0.890625 0.03515625 0.025
0 0.45078125 0.634375 0.02421875 0.084375
0 0.47890625 0.6671875 0.028125 0.021875
0 0.50390625 0.6375 0.03046875 0.0203125
0 0.13359375 0.4609375 0.04453125 0.0484375
0 0.16015625 0.44375 0.0328125 0.06015625
0 0.1375 0.79453125 0.034375 0.07109375
0 0.925 0.59140625 0.02890625 0.05625
0 0.9546875 0.59140625 0.01875 0.0484375
0 0.81484375 0.53046875 0.0390625 0.04921875
0 0.4875 0.115625 0.0265625 0.05390625
0 0.44296875 0.128125 0.02734375 0.08125
0 0.21875 0.28515625 0.03515625 0.0640625
0 0.984375 0.69921875 0.0296875 0.0453125
0 0.34765625 0.0796875 0.0296875 0.08671875
0 0.796875 0.03671875 0.03515625 0.07265625
0 0.45859375 0.425 0.040625 0.03359375
0 0.6890625 0.19921875 0.04609375 0.03359375
0 0.33671875 0.7234375 0.04765625 0.03359375
0 0.7 0.94375 0.02109375 0.05859375
0 0.1734375 0.76171875 0.0265625 0.065625
0 0.37421875 0.75546875 0.025 0.05390625
0 0.25625 0.290625 0.0390625 0.08671875
0 0.7171875 0.01171875 0.0296875 0.0234375
0 0.76015625 0.03203125 0.03515625 0.06015625