0 0.496875 0.459375 0.05234375 0.04140625
0 0.49453125 0.55703125 0.0328125 0.1
0 0.31484375 0.7671875 0.06796875 0.05390625
0 0.46328125 0.8734375 0.0546875 0.05390625
0 0.44296875 0.90859375 0.0296875 0.07734375
0 0.17734375 0.7171875 0.07578125 0.03671875
0 0.6546875 0.53359375 0.03671875 0.05234375
0 0.796875 0.39921875 0.05 0.06953125
0 0.86015625 0.1609375 0.04375 0.05546875
0 0.946875 0.23984375 0.0296875 0.07421875
0 0.734375 0.8609375 0.02578125 0.07578125
0 0.77421875 0.578125 0.03515625 0.05078125
0 0.978125 0.96640625 0.0390625 0.03359375
0 0.83828125 0.28515625 0.028125 0.06015625