0 0.96796875 0.41875 0.04375 0.06875
0 0.69453125 0.35859375 0.05703125 0.03828125
0 0.59921875 0.02734375 0.0609375 0.05078125
0 0.2 0.0484375 0.03046875 0.08125
0 0.13125 0.04609375 0.02265625 0.03515625
0 0.15390625 0.0640625 0.0296875 0.03671875
0 0.146875 0.1140625 0.04140625 0.03828125
0 0.02734375 0.14765625 0.03046875 0.05234375
0 0.34921875 0.3671875 0.02421875 0.06171875
0 0.4609375 0.47890625 0.034375 0.07734375
0 0.1171875 0.46484375 0.06796875 0.05546875
0 0.45546875 0.615625 0.01875 0.02734375
0 0.45703125 0.6640625 0.02265625 0.05390625
0 0.38515625 0.7734375 0.03203125 0.06953125
0 0.3453125 0.94296875 0.03671875 0.05390625
0 0.5015625 0.98203125 0.04296875 0.034375
0 0.55546875 0.971875 0.02734375 0.0546875
0 0.94375 0.790625 0.03125 0.08515625
0 0.7796875 0.76640625 0.0328125 0.065625
0 0.74140625 0.978125 0.04375 0.04140625
0 0.97265625 0.91484375 0.03828125 0.09296875
0 0.69765625 0.54765625 0.01875 0.03359375
0 0.690625 0.59140625 0.0203125 0.03828125
0 0.06953125 0.05625 0.034375 0.05859375
0 0.51796875 0.578125 0.02421875 0.0703125