0 0.05859375 0.734375 0.04609375 0.07890625
0 0.68984375 0.78515625 0.06484375 0.046875
0 0.77421875 0.71953125 0.0296875 0.09765625
0 0.67578125 0.8984375 0.03125 0.0640625
0 0.5390625 0.303125 0.03203125 0.07890625
0 0.47109375 0.21171875 0.03125 0.07265625
0 0.68984375 0.365625 0.0203125 0.06953125
0 0.83125 0.646875 0.03828125 0.09765625
0 0.4515625 0.72421875 0.02734375 0.07265625
0 0.45234375 0.4390625 0.03671875 0.05078125
0 0.678125 0.18671875 0.034375 0.07578125
0 0.434375 0.12578125 0.02890625 0.06171875