0 0.09375 0.0296875 0.0265625 0.05703125
0 0.621875 0.3625 0.04453125 0.06328125
0 0.5796875 0.42421875 0.04296875 0.096875
0 0.63046875 0.53515625 0.03359375 0.1
0 0.65390625 0.490625 0.065625 0.0453125
0 0.21015625 0.3546875 0.02421875 0.06796875
0 0.25390625 0.346875 0.075 0.071875
0 0.0453125 0.88359375 0.0375 0.0890625
0 0.64921875 0.70703125 0.0125 0.01640625
0 0.3296875 0.65390625 0.04609375 0.02734375
0 0.37890625 0.64453125 0.04296875 0.04296875
0 0.50390625 0.60859375 0.03515625 0.0671875
0 0.51953125 0.6640625 0.02578125 0.03828125
0 0.528125 0.6359375 0.03359375 0.0234375
0 0.41171875 0.78125 0.02421875 0.06640625