0 0.5796875 0.25078125 0.02421875 0.07734375
0 0.3640625 0.440625 0.05546875 0.03984375
0 0.4 0.12578125 0.03359375 0.05703125
0 0.66875 0.29765625 0.04296875 0.05703125
0 0.33046875 0.54375 0.02109375 0.05234375
0 0.33515625 0.5796875 0.05 0.034375
0 0.46640625 0.39921875 0.04296875 0.040625
0 0.50859375 0.48515625 0.03515625 0.03515625
0 0.6265625 0.58359375 0.03125 0.04765625
0 0.565625 0.90078125 0.046875 0.06171875
0 0.575 0.8578125 0.025 0.05546875
0 0.93125 0.11875 0.03671875 0.03203125
0 0.9234375 0.15 0.0375 0.05703125
0 0.0421875 0.2078125 0.05703125 0.04765625