0 0.23984375 0.82578125 0.084375 0.03828125
0 0.26484375 0.67265625 0.046875 0.03671875
0 0.20546875 0.4671875 0.06484375 0.0234375
0 0.23828125 0.50234375 0.034375 0.07890625
0 0.35390625 0.48125 0.065625 0.04140625
0 0.50078125 0.378125 0.0328125 0.04921875
0 0.58359375 0.37734375 0.02890625 0.06640625
0 0.64453125 0.46640625 0.09609375 0.03828125
0 0.6390625 0.66875 0.02734375 0.059375
0 0.803125 0.65859375 0.0296875 0.06171875
0 0.7171875 0.47421875 0.02578125 0.04375
0 0.74921875 0.5 0.04140625 0.0359375
0 0.82421875 0.48984375 0.03359375 0.07265625
0 0.846875 0.49453125 0.0296875 0.07265625
0 0.89765625 0.60703125 0.0453125 0.0703125
0 0.7328125 0.27265625 0.03203125 0.06328125
0 0.92734375 0.03359375 0.0640625 0.03984375
0 0.9765625 0.15390625 0.04609375 0.0375
0 0.01484375 0.1625 0.0296875 0.04609375
0 0.4875 0.53125 0.03671875 0.1109375
0 0.85234375 0.6484375 0.05546875 0.04921875