0 0.40390625 0.5453125 0.075 0.03828125
0 0.4609375 0.3515625 0.04140625 0.0453125
0 0.39921875 0.74765625 0.03046875 0.07265625
0 0.4203125 0.646875 0.04140625 0.059375
0 0.72734375 0.6265625 0.02890625 0.05234375
0 0.6375 0.67421875 0.0296875 0.07421875
0 0.25390625 0.934375 0.0328125 0.08125
0 0.06328125 0.94140625 0.0453125 0.03515625
0 0.34921875 0.88984375 0.04609375 0.0390625
0 0.59921875 0.8140625 0.0234375 0.065625
0 0.215625 0.05234375 0.025 0.05390625
0 0.7359375 0.1328125 0.08828125 0.0375
0 0.559375 0.09609375 0.021875 0.06796875
0 0.69765625 0.19375 0.02421875 0.096875
0 0.7046875 0.05 0.02421875 0.07734375
0 0.72734375 0.08046875 0.02890625 0.07578125
0 0.69609375 0.79609375 0.0296875 0.04765625
0 0.9078125 0.66875 0.01796875 0.0890625
0 0.9390625 0.51875 0.02421875 0.05859375