0 0.12109375 0.48046875 0.03515625 0.06953125
0 0.0328125 0.275 0.05390625 0.05234375
0 0.62421875 0.4046875 0.0609375 0.05703125
0 0.8484375 0.715625 0.06953125 0.0421875
0 0.74921875 0.06953125 0.0609375 0.03984375
0 0.2984375 0.83671875 0.02265625 0.05078125
0 0.284375 0.97421875 0.02265625 0.05
0 0.328125 0.81640625 0.02890625 0.1015625
0 0.259375 0.28125 0.03828125 0.05234375
0 0.903125 0.825 0.03515625 0.03359375
0 0.1625 0.96953125 0.04921875 0.040625
0 0.24453125 0.43828125 0.04375 0.03359375
0 0.5984375 0.425 0.03203125 0.03359375
0 0.56953125 0.9546875 0.0359375 0.03984375
0 0.2453125 0.05 0.0203125 0.05546875
0 0.35234375 0.96171875 0.02265625 0.06953125