0 0.715625 0.5671875 0.0390625 0.05
0 0.4875 0.25234375 0.04140625 0.059375
0 0.34140625 0.6359375 0.02265625 0.07265625
0 0.20546875 0.10390625 0.05546875 0.05234375
0 0.2625 0.40234375 0.05 0.06171875
0 0.06796875 0.64921875 0.05234375 0.0296875
0 0.0375 0.36640625 0.0296875 0.059375
0 0.1890625 0.2046875 0.04921875 0.0546875
0 0.28828125 0.5078125 0.02421875 0.05
0 0.81796875 0.35703125 0.02421875 0.05703125
0 0.85703125 0.69765625 0.05703125 0.04140625
0 0.23046875 0.3421875 0.0546875 0.0640625
0 0.13671875 0.5171875 0.04296875 0.05859375
0 0.328125 0.125 0.03515625 0.04375