0 0.66171875 0.86171875 0.02890625 0.03984375
0 0.39140625 0.6640625 0.01640625 0.05078125
0 0.21875 0.7359375 0.01875 0.053125
0 0.08984375 0.54140625 0.03671875 0.04609375
0 0.1890625 0.503125 0.05546875 0.034375
0 0.73671875 0.89765625 0.03515625 0.08359375
0 0.7953125 0.77265625 0.02109375 0.08984375
0 0.621875 0.6765625 0.02109375 0.065625
0 0.171875 0.828125 0.03828125 0.084375
0 0.51875 0.76875 0.040625 0.02890625
0 0.49375 0.7640625 0.04375 0.1015625
0 0.359375 0.615625 0.03828125 0.07421875
0 0.24296875 0.7453125 0.0453125 0.03046875
0 0.66171875 0.93125 0.03671875 0.090625
0 0.81171875 0.96796875 0.0328125 0.05390625
0 0.159375 0.49453125 0.08125 0.07890625
0 0.77421875 0.49140625 0.04375 0.03515625
0 0.2921875 0.9578125 0.04375 0.07109375
0 0.24921875 0.6640625 0.053125 0.02890625
0 0.096875 0.70625 0.04140625 0.06875
0 0.05625 0.74609375 0.059375 0.04921875
0 0.0203125 0.784375 0.040625 0.040625