0 0.12421875 0.2359375 0.0390625 0.04375
0 0.33984375 0.4453125 0.03046875 0.06015625
0 0.559375 0.47578125 0.02734375 0.05078125
0 0.5546875 0.70625 0.04921875 0.0421875
0 0.3625 0.68203125 0.06875 0.05546875
0 0.73125 0.73203125 0.05234375 0.05390625
0 0.83515625 0.43671875 0.05625 0.04765625
0 0.221875 0.95390625 0.075 0.05078125
0 0.44375 0.08828125 0.04765625 0.06328125
0 0.228125 0.5328125 0.03671875 0.03671875
0 0.00390625 0.371875 0.0078125 0.015625
0 0.03046875 0.3953125 0.05546875 0.04609375
0 0.38359375 0.27890625 0.0390625 0.03203125
0 0.35859375 0.8390625 0.0515625 0.0421875
0 0.05703125 0.12578125 0.03828125 0.05234375