0 0.26015625 0.4109375 0.040625 0.05859375
0 0.35546875 0.89921875 0.0453125 0.05234375
0 0.58125 0.78984375 0.02421875 0.071875
0 0.64765625 0.8828125 0.0890625 0.03515625
0 0.82890625 0.91015625 0.02890625 0.0609375
0 0.85078125 0.91796875 0.025 0.07578125
0 0.940625 0.45 0.06953125 0.07578125
0 0.91953125 0.3890625 0.0390625 0.07109375
0 0.7359375 0.69140625 0.02578125 0.05390625
0 0.7359375 0.26171875 0.06875 0.0640625
0 0.228125 0.91640625 0.034375 0.05859375
0 0.4984375 0.79375 0.04765625 0.04375
0 0.7171875 0.89296875 0.0234375 0.0421875
0 0.746875 0.91484375 0.0359375 0.02890625
0 0.57734375 0.3765625 0.04921875 0.03046875
0 0.91171875 0.09765625 0.0125 0.01640625
0 0.9390625 0.115625 0.0546875 0.03515625
0 0.0171875 0.58671875 0.03359375 0.04765625