0 0.22578125 0.50546875 0.0390625 0.05703125
0 0.22578125 0.409375 0.04375 0.04921875
0 0.01171875 0.3828125 0.02265625 0.03046875
0 0.03671875 0.4328125 0.040625 0.06328125
0 0.17578125 0.59140625 0.03828125 0.059375
0 0.38046875 0.659375 0.05 0.02734375
0 0.38046875 0.678125 0.05546875 0.01875
0 0.55546875 0.8953125 0.02421875 0.06015625
0 0.4890625 0.54765625 0.0328125 0.04609375
0 0.5109375 0.54375 0.02265625 0.04609375
0 0.8125 0.56328125 0.01875 0.0609375
0 0.85703125 0.26796875 0.02578125 0.05390625
0 0.9546875 0.40390625 0.059375 0.05546875
0 0.94609375 0.50234375 0.0125 0.01640625
0 0.971875 0.52578125 0.04921875 0.04765625
0 0.840625 0.06171875 0.02734375 0.07578125
0 0.76171875 0.1125 0.02890625 0.06953125
0 0.46953125 0.1078125 0.0546875 0.05078125
0 0.20703125 0.31796875 0.0328125 0.07890625
0 0.60390625 0.9015625 0.03671875 0.02890625
0 0.06171875 0.87109375 0.0453125 0.04609375
0 0.5453125 0.375 0.03125 0.0421875
0 0.58359375 0.4125 0.04296875 0.04609375