0 0.5515625 0.5515625 0.0640625 0.034375
0 0.46328125 0.49296875 0.046875 0.03515625
0 0.7328125 0.40703125 0.0265625 0.03203125
0 0.30625 0.2203125 0.05859375 0.04140625
0 0.2171875 0.0734375 0.040625 0.03203125
0 0.6796875 0.29921875 0.0390625 0.03515625
0 0.69453125 0.228125 0.05390625 0.03515625
0 0.5265625 0.08984375 0.05703125 0.03359375
0 0.0234375 0.8375 0.046875 0.0203125
0 0.05078125 0.90234375 0.05078125 0.0203125
0 0.1125 0.58984375 0.0125 0.01640625
0 0.13671875 0.6046875 0.05 0.0296875