0 0.459375 0.78125 0.03359375 0.07421875
0 0.92265625 0.9421875 0.03203125 0.1015625
0 0.33828125 0.453125 0.04140625 0.06484375
0 0.41875 0.3671875 0.028125 0.0921875
0 0.33046875 0.12109375 0.0265625 0.071875
0 0.39453125 0.1015625 0.05078125 0.071875
0 0.65546875 0.14609375 0.0296875 0.05234375
0 0.09140625 0.94375 0.02890625 0.05234375
0 0.1171875 0.934375 0.0296875 0.0609375
0 0.13046875 0.834375 0.0203125 0.05234375
0 0.15 0.8578125 0.03515625 0.07890625
0 0.34609375 0.221875 0.03515625 0.06640625