0 0.2015625 0.04375 0.04375 0.05390625
0 0.4765625 0.04453125 0.03046875 0.03515625
0 0.5859375 0.04296875 0.03671875 0.05546875
0 0.28046875 0.1 0.0640625 0.05703125
0 0.3734375 0.35390625 0.03671875 0.08125
0 0.2890625 0.33046875 0.06171875 0.03046875
0 0.14375 0.47578125 0.0328125 0.05390625
0 0.22265625 0.63125 0.0296875 0.09296875
0 0.22734375 0.84921875 0.0328125 0.07890625
0 0.22890625 0.9484375 0.04375 0.05234375
0 0.8609375 0.053125 0.040625 0.0421875
0 0.9328125 0.47890625 0.04140625 0.05078125
0 0.784375 0.74453125 0.025 0.02890625
0 0.01875 0.03203125 0.03515625 0.040625