0 0.86640625 0.046875 0.01875 0.07421875
0 0.20625 0.17109375 0.04375 0.02890625
0 0.56015625 0.31171875 0.0734375 0.03046875
0 0.35625 0.6421875 0.04140625 0.02734375
0 0.7609375 0.60703125 0.040625 0.040625
0 0.28046875 0.3765625 0.03046875 0.06484375
0 0.64296875 0.12265625 0.05703125 0.04921875
0 0.6546875 0.540625 0.03828125 0.0859375
0 0.928125 0.5609375 0.02265625 0.06328125
0 0.73671875 0.5609375 0.0296875 0.06953125
0 0.059375 0.06484375 0.02734375 0.07890625
0 0.11328125 0.03046875 0.1125 0.04765625
0 0.403125 0.628125 0.0453125 0.04921875