0 0.79453125 0.42578125 0.034375 0.07265625
0 0.85703125 0.3078125 0.0328125 0.0859375
0 0.97421875 0.48046875 0.046875 0.06015625
0 0.72734375 0.74921875 0.071875 0.0484375
0 0.85546875 0.8796875 0.04140625 0.059375
0 0.8078125 0.93203125 0.06328125 0.04140625
0 0.88359375 0.96171875 0.0375 0.06328125
0 0.5609375 0.97265625 0.04296875 0.04375
0 0.20390625 0.44140625 0.05390625 0.0390625
0 0.21328125 0.4765625 0.03125 0.05234375
0 0.09453125 0.0953125 0.053125 0.0828125
0 0.04296875 0.66953125 0.06171875 0.04296875
0 0.2640625 0.6265625 0.02265625 0.05234375
0 0.30234375 0.63359375 0.046875 0.02890625
0 0.25703125 0.4328125 0.03671875 0.06640625
0 0.81640625 0.04921875 0.034375 0.07890625