0 0.046875 0.12265625 0.040625 0.04609375
0 0.103125 0.22265625 0.034375 0.06796875
0 0.36171875 0.1703125 0.0328125 0.08125
0 0.31796875 0.2359375 0.03671875 0.01640625
0 0.36015625 0.26640625 0.0609375 0.03046875
0 0.02109375 0.3609375 0.04140625 0.07109375
0 0.17890625 0.46328125 0.05859375 0.04921875
0 0.24140625 0.55625 0.05234375 0.040625
0 0.08046875 0.8890625 0.0203125 0.0828125
0 0.1046875 0.8953125 0.03828125 0.0671875
0 0.14765625 0.84921875 0.0328125 0.04609375
0 0.31640625 0.775 0.02890625 0.07578125
0 0.5140625 0.50390625 0.05078125 0.04375
0 0.771875 0.15703125 0.05703125 0.04375
0 0.81875 0.13046875 0.0515625 0.0359375
0 0.928125 0.7015625 0.025 0.07734375
0 0.6453125 0.7046875 0.02421875 0.05078125
0 0.66015625 0.81953125 0.03046875 0.06015625
0 0.71484375 0.91875 0.05234375 0.040625
0 0.928125 0.96171875 0.0859375 0.04140625
0 0.8140625 0.2453125 0.08125 0.04609375