0 0.0171875 0.3328125 0.03359375 0.02890625
0 0.2171875 0.340625 0.025 0.05390625
0 0.34453125 0.0921875 0.059375 0.02890625
0 0.52421875 0.25703125 0.04375 0.04921875
0 0.6515625 0.5625 0.05703125 0.03515625
0 0.93828125 0.44453125 0.078125 0.0421875
0 0.7609375 0.3734375 0.0453125 0.0390625
0 0.9734375 0.2078125 0.05234375 0.02890625
0 0.0171875 0.44453125 0.034375 0.0328125
0 0.01484375 0.4046875 0.0296875 0.03984375
0 0.47421875 0.5859375 0.0546875 0.03828125
0 0.06328125 0.67421875 0.028125 0.103125
0 0.834375 0.4625 0.0203125 0.05078125