0 0.1578125 0.38984375 0.05 0.071875
0 0.29140625 0.38515625 0.04140625 0.0375
0 0.63515625 0.4453125 0.0578125 0.03046875
0 0.64765625 0.3875 0.0671875 0.0421875
0 0.8 0.421875 0.02421875 0.096875
0 0.68828125 0.83984375 0.04296875 0.06171875
0 0.6578125 0.8546875 0.02421875 0.06171875
0 0.7625 0.65859375 0.0390625 0.0765625
0 0.68984375 0.57109375 0.02734375 0.0765625
0 0.31015625 0.6984375 0.03359375 0.04296875
0 0.40234375 0.4421875 0.0390625 0.0375
0 0.33671875 0.38984375 0.0265625 0.06015625
0 0.64609375 0.028125 0.0328125 0.05546875
0 0.6546875 0.08046875 0.04140625 0.02890625
0 0.66484375 0.10625 0.02421875 0.05390625
0 0.721875 0.5078125 0.040625 0.06484375
0 0.73046875 0.32734375 0.0390625 0.07421875
0 0.33125 0.15390625 0.02265625 0.05390625
0 0.25625 0.31796875 0.01796875 0.071875
0 0.28671875 0.328125 0.03046875 0.0515625
0 0.7953125 0.71015625 0.0234375 0.040625