0 0.62109375 0.490625 0.05859375 0.04375
0 0.66875 0.52578125 0.04375 0.05078125
0 0.83515625 0.425 0.02421875 0.05703125
0 0.715625 0.2609375 0.059375 0.04609375
0 0.8828125 0.16875 0.0328125 0.046875
0 0.9625 0.34453125 0.02734375 0.065625
0 0.33828125 0.34140625 0.02109375 0.05546875
0 0.3640625 0.38046875 0.03046875 0.07578125
0 0.06328125 0.59453125 0.028125 0.06328125
0 0.2796875 0.70234375 0.03203125 0.07265625
0 0.475 0.65546875 0.02265625 0.06875
0 0.4890625 0.4890625 0.025 0.05390625
0 0.53125 0.70078125 0.0328125 0.05546875
0 0.2375 0.85234375 0.07265625 0.04921875
0 0.92734375 0.70859375 0.02890625 0.06015625
0 0.9875 0.58203125 0.0234375 0.084375
0 0.278125 0.89140625 0.03046875 0.07734375