0 0.0984375 0.21796875 0.02734375 0.05859375
0 0.58125 0.11875 0.0390625 0.0453125
0 0.89765625 0.0234375 0.03828125 0.0234375
0 0.9 0.05859375 0.0328125 0.03203125
0 0.6921875 0.21015625 0.01875 0.0359375
0 0.925 0.21640625 0.05 0.0421875
0 0.94453125 0.43125 0.0390625 0.03203125
0 0.9796875 0.46484375 0.03984375 0.03515625
0 0.51875 0.61484375 0.05234375 0.059375
0 0.92734375 0.7578125 0.04296875 0.07890625
0 0.13046875 0.85234375 0.04140625 0.0453125
0 0.4265625 0.31171875 0.0390625 0.0375
0 0.35859375 0.28359375 0.0296875 0.05703125
0 0.7515625 0.2625 0.0328125 0.04609375
0 0.353125 0.4171875 0.06640625 0.04609375
0 0.03125 0.7640625 0.03515625 0.05078125
0 0.12265625 0.98125 0.04765625 0.0359375
0 0.8375 0.78671875 0.034375 0.06171875
0 0.78046875 0.07265625 0.04140625 0.07421875
0 0.26953125 0.12890625 0.04140625 0.09296875