0 0.46953125 0.62109375 0.0390625 0.0421875
0 0.7484375 0.1921875 0.0296875 0.065625
0 0.68515625 0.034375 0.0328125 0.0671875
0 0.246875 0.72421875 0.04140625 0.03984375
0 0.675 0.165625 0.0390625 0.06171875
0 0.29765625 0.18984375 0.05 0.034375
0 0.14765625 0.5859375 0.05234375 0.03671875
0 0.11484375 0.890625 0.05390625 0.03515625
0 0.52421875 0.4953125 0.02578125 0.059375
0 0.26953125 0.5375 0.0640625 0.0453125
0 0.57578125 0.9703125 0.04140625 0.04921875
0 0.36328125 0.2703125 0.0390625 0.090625