0 0.45546875 0.278125 0.03359375 0.071875
0 0.23125 0.30234375 0.06015625 0.02734375
0 0.725 0.578125 0.03125 0.05234375
0 0.71171875 0.60859375 0.03203125 0.06171875
0 0.34765625 0.88515625 0.046875 0.0421875
0 0.29921875 0.70703125 0.0390625 0.01640625
0 0.2875 0.72421875 0.046875 0.03515625
0 0.29375 0.69375 0.03671875 0.021875
0 0.8609375 0.5578125 0.025 0.03515625
0 0.8625 0.5921875 0.05078125 0.03671875
0 0.71484375 0.68359375 0.03671875 0.071875
0 0.2796875 0.2421875 0.03671875 0.07578125
0 0.30234375 0.240625 0.0328125 0.07265625