0 0.11953125 0.25390625 0.065625 0.03828125
0 0.38671875 0.34765625 0.0609375 0.10625
0 0.48125 0.36953125 0.02734375 0.0703125
0 0.56640625 0.3859375 0.03671875 0.09609375
0 0.77890625 0.059375 0.053125 0.05546875
0 0.97421875 0.30234375 0.0390625 0.03515625
0 0.9359375 0.34140625 0.0390625 0.0359375
0 0.9828125 0.365625 0.0328125 0.0703125
0 0.75703125 0.3953125 0.028125 0.103125
0 0.7734375 0.5703125 0.0296875 0.09765625
0 0.96640625 0.76171875 0.046875 0.0390625
0 0.409375 0.6890625 0.05078125 0.025
0 0.5109375 0.03359375 0.0328125 0.06484375
0 0.50546875 0.16640625 0.06171875 0.1078125
0 0.5578125 0.121875 0.05546875 0.04765625