0 0.81171875 0.08359375 0.0296875 0.07265625
0 0.5984375 0.68671875 0.02421875 0.059375
0 0.08046875 0.54140625 0.08203125 0.0421875
0 0.56328125 0.42265625 0.04296875 0.05234375
0 0.44921875 0.9515625 0.0296875 0.07734375
0 0.4890625 0.93828125 0.02734375 0.06015625
0 0.559375 0.9359375 0.021875 0.0609375
0 0.55078125 0.88671875 0.059375 0.05234375
0 0.43828125 0.815625 0.046875 0.05546875
0 0.471875 0.77734375 0.03359375 0.04296875
0 0.15390625 0.95 0.0296875 0.06171875
0 0.92109375 0.23828125 0.0390625 0.05234375
0 0.98046875 0.315625 0.03828125 0.05390625
0 0.62890625 0.33984375 0.040625 0.04609375
0 0.04765625 0.83203125 0.03515625 0.03515625