0 0.33515625 0.73515625 0.025 0.0703125
0 0.3140625 0.8078125 0.0390625 0.0640625
0 0.2375 0.9765625 0.03671875 0.0453125
0 0.39765625 0.50625 0.046875 0.07109375
0 0.64375 0.175 0.04140625 0.04921875
0 0.91015625 0.40859375 0.04140625 0.025
0 0.94296875 0.43125 0.03125 0.06328125
0 0.31640625 0.62109375 0.03671875 0.07265625
0 0.65546875 0.04921875 0.03203125 0.09765625
0 0.24296875 0.14921875 0.028125 0.07890625
0 0.57734375 0.78125 0.07734375 0.03515625
0 0.73984375 0.46171875 0.028125 0.03046875
0 0.7671875 0.853125 0.0359375 0.046875
0 0.93671875 0.0296875 0.05 0.04921875
0 0.27578125 0.14921875 0.02421875 0.09609375