0 0.153125 0.2046875 0.04140625 0.07421875
0 0.4546875 0.3921875 0.04296875 0.0328125
0 0.540625 0.315625 0.046875 0.0375
0 0.6046875 0.18671875 0.0296875 0.0546875
0 0.421875 0.75390625 0.03359375 0.08515625
0 0.47578125 0.775 0.04921875 0.06171875
0 0.5265625 0.7609375 0.021875 0.0671875
0 0.51875 0.90234375 0.02578125 0.096875
0 0.5890625 0.78984375 0.03515625 0.06171875
0 0.58828125 0.821875 0.04140625 0.0453125
0 0.734375 0.6671875 0.04296875 0.07890625
0 0.35859375 0.17578125 0.0296875 0.0328125
0 0.38359375 0.215625 0.02421875 0.04765625
0 0.44609375 0.22421875 0.0265625 0.0546875
0 0.3921875 0.13046875 0.0296875 0.06171875