0 0.73671875 0.66796875 0.05 0.06171875
0 0.70625 0.61484375 0.03515625 0.06484375
0 0.45390625 0.88515625 0.0296875 0.0765625
0 0.48359375 0.9046875 0.04140625 0.0375
0 0.303125 0.7453125 0.028125 0.07734375
0 0.33046875 0.7515625 0.04140625 0.09453125
0 0.49375 0.38984375 0.028125 0.071875
0 0.665625 0.721875 0.03515625 0.059375
0 0.69296875 0.778125 0.03359375 0.071875
0 0.3140625 0.05 0.03359375 0.01796875
0 0.73828125 0.1046875 0.03828125 0.0640625
0 0.39765625 0.44609375 0.046875 0.02421875
0 0.37890625 0.48359375 0.02734375 0.04140625
0 0.39453125 0.50703125 0.05078125 0.025
0 0.228125 0.68984375 0.06640625 0.02734375
0 0.60390625 0.4421875 0.03671875 0.06015625
0 0.20859375 0.03203125 0.02734375 0.0640625
0 0.221875 0.1265625 0.02421875 0.06015625