0 0.48515625 0.72421875 0.02578125 0.06484375
0 0.6140625 0.7828125 0.03359375 0.06171875
0 0.38359375 0.6671875 0.028125 0.059375
0 0.8453125 0.48828125 0.04140625 0.059375
0 0.4734375 0.43828125 0.0203125 0.06484375
0 0.5078125 0.453125 0.03359375 0.05
0 0.1390625 0.35078125 0.02421875 0.03984375
0 0.22578125 0.12421875 0.04453125 0.05
0 0.83203125 0.31875 0.0296875 0.03984375
0 0.21171875 0.028125 0.0390625 0.034375
0 0.58515625 0.95859375 0.05078125 0.06953125
0 0.565625 0.846875 0.03671875 0.0234375
0 0.6046875 0.86796875 0.04140625 0.05234375
0 0.5484375 0.2296875 0.02890625 0.06953125
0 0.36796875 0.46484375 0.02734375 0.05859375
0 0.38984375 0.5921875 0.03125 0.0546875
0 0.9390625 0.97109375 0.034375 0.05625
0 0.18984375 0.08671875 0.0296875 0.04921875