0 0.60546875 0.3171875 0.0640625 0.05078125
0 0.40078125 0.07421875 0.0734375 0.03046875
0 0.11328125 0.06015625 0.07265625 0.05703125
0 0.90859375 0.015625 0.0453125 0.03125
0 0.82109375 0.24296875 0.06171875 0.040625
0 0.64375 0.653125 0.0484375 0.0375
0 0.403125 0.43125 0.040625 0.04140625
0 0.02265625 0.7453125 0.04296875 0.05078125
0 0.79921875 0.89296875 0.06328125 0.06171875
0 0.67890625 0.9625 0.05546875 0.05546875
0 0.703125 0.52265625 0.03671875 0.034375
0 0.846875 0.8046875 0.03359375 0.03046875