0 0.06640625 0.721875 0.08046875 0.03984375
0 0.37421875 0.38515625 0.05 0.0375
0 0.8 0.2875 0.03515625 0.0765625
0 0.85625 0.6484375 0.0296875 0.0921875
0 0.70546875 0.2453125 0.0375 0.05703125
0 0.16015625 0.96171875 0.028125 0.05703125
0 0.5890625 0.61875 0.053125 0.04296875
0 0.41640625 0.31796875 0.03046875 0.0421875
0 0.52109375 0.98046875 0.0296875 0.0375
0 0.36640625 0.74296875 0.0640625 0.1
0 0.784375 0.46640625 0.02265625 0.06953125
0 0.6078125 0.3140625 0.06640625 0.03125
0 0.79140625 0.6 0.03671875 0.0390625