0 0.396875 0.65 0.04609375 0.040625
0 0.44765625 0.63671875 0.0203125 0.06484375
0 0.46484375 0.78046875 0.028125 0.09140625
0 0.11171875 0.63671875 0.04609375 0.04296875
0 0.25 0.2828125 0.03828125 0.06328125
0 0.70625 0.21796875 0.03203125 0.08828125
0 0.63203125 0.18828125 0.0328125 0.0453125
0 0.17421875 0.0546875 0.02109375 0.05234375
0 0.4375 0.4546875 0.03515625 0.0390625
0 0.4375 0.521875 0.0328125 0.05390625
0 0.55 0.4578125 0.03046875 0.090625
0 0.7140625 0.3859375 0.02421875 0.0859375
0 0.76484375 0.0921875 0.02421875 0.08984375
0 0.95 0.428125 0.04921875 0.0390625
0 0.70546875 0.86171875 0.021875 0.046875
0 0.15546875 0.6421875 0.040625 0.06796875
0 0.26328125 0.709375 0.05390625 0.071875
0 0.61875 0.8265625 0.046875 0.07734375
0 0.3796875 0.8546875 0.075 0.03359375
0 0.5046875 0.38359375 0.02734375 0.07890625
0 0.63359375 0.2671875 0.0328125 0.08984375
0 0.77890625 0.29296875 0.03046875 0.0640625
0 0.9078125 0.3578125 0.0390625 0.05390625
0 0.59765625 0.38515625 0.03046875 0.06640625
0 0.62265625 0.390625 0.02890625 0.05859375
0 0.66640625 0.43046875 0.04375 0.06484375
0 0.6578125 0.9625 0.08359375 0.04296875
0 0.05859375 0.76171875 0.0265625 0.08359375
0 0.48125 0.09453125 0.0453125 0.03359375
0 0.45546875 0.090625 0.0453125 0.0953125
0 0.12734375 0.15234375 0.028125 0.0828125
0 0.16875 0.203125 0.0390625 0.07578125
0 0.5515625 0.63203125 0.05234375 0.03125
0 0.4734375 0.1921875 0.03125 0.04765625
0 0.49609375 0.528125 0.040625 0.1046875