0 0.115625 0.8984375 0.02109375 0.05703125
0 0.090625 0.83203125 0.0125 0.01640625
0 0.10390625 0.8703125 0.02578125 0.07734375
0 0.49140625 0.8390625 0.02421875 0.05234375
0 0.53046875 0.89921875 0.02421875 0.07421875
0 0.4546875 0.703125 0.03203125 0.084375
0 0.3546875 0.74765625 0.0390625 0.05625
0 0.22890625 0.56640625 0.0484375 0.04296875
0 0.24375 0.5296875 0.0234375 0.05390625
0 0.2796875 0.55078125 0.03046875 0.06875
0 0.471875 0.27421875 0.01875 0.06953125
0 0.6859375 0.38359375 0.03359375 0.06953125
0 0.70390625 0.5640625 0.02109375 0.06953125
0 0.675 0.9515625 0.03671875 0.03046875
0 0.875 0.81875 0.03046875 0.07265625
0 0.92734375 0.88671875 0.0734375 0.05234375
0 0.89609375 0.9265625 0.028125 0.06171875
0 0.96796875 0.95 0.05 0.06875
0 0.66015625 0.26171875 0.0515625 0.0375
0 0.69296875 0.225 0.0734375 0.03828125
0 0.640625 0.0484375 0.03203125 0.07421875
0 0.72109375 0.0328125 0.06328125 0.03828125
0 0.03515625 0.38125 0.04375 0.0546875
0 0.08984375 0.1421875 0.05546875 0.04140625
0 0.12109375 0.1203125 0.03203125 0.059375
0 0.178125 0.3890625 0.0453125 0.065625
0 0.12890625 0.5484375 0.04375 0.05078125
0 0.15390625 0.0578125 0.0484375 0.05234375
0 0.70703125 0.67734375 0.0375 0.0875