0 0.25234375 0.49296875 0.0359375 0.03203125
0 0.23984375 0.3515625 0.0609375 0.0828125
0 0.72421875 0.6765625 0.09375 0.04375
0 0.7953125 0.52265625 0.0734375 0.0375
0 0.43359375 0.96328125 0.03671875 0.071875
0 0.69296875 0.83359375 0.0640625 0.03515625
0 0.0640625 0.7515625 0.0515625 0.03515625
0 0.64765625 0.05234375 0.02421875 0.0640625
0 0.90625 0.03359375 0.0296875 0.06015625
0 0.46484375 0.51015625 0.0734375 0.025
0 0.2828125 0.61875 0.02578125 0.07421875
0 0.76640625 0.84609375 0.0484375 0.1109375