0 0.0734375 0.54140625 0.04453125 0.05234375
0 0.05703125 0.77265625 0.03125 0.05703125
0 0.0421875 0.8359375 0.04296875 0.059375
0 0.18125 0.88203125 0.06015625 0.0375
0 0.865625 0.8125 0.0671875 0.03671875
0 0.6578125 0.34609375 0.04296875 0.059375
0 0.32578125 0.4703125 0.03203125 0.0546875
0 0.609375 0.38515625 0.046875 0.05234375
0 0.678125 0.09921875 0.03515625 0.0375
0 0.3796875 0.7578125 0.05 0.03671875
0 0.91484375 0.9046875 0.0265625 0.04765625
0 0.9828125 0.92578125 0.03125 0.06953125
0 0.8921875 0.3609375 0.0203125 0.04765625
0 0.98671875 0.13984375 0.02578125 0.03046875
0 0.49453125 0.18359375 0.03515625 0.03125
0 0.5375 0.1796875 0.059375 0.02890625
0 0.16015625 0.94609375 0.046875 0.04765625
0 0.08828125 0.88203125 0.04296875 0.0234375
0 0.5625 0.771875 0.0328125 0.04140625
0 0.69609375 0.86484375 0.0671875 0.12421875
0 0.17109375 0.2546875 0.05703125 0.02734375