0 0.32109375 0.45078125 0.06640625 0.08125
0 0.7734375 0.41015625 0.03671875 0.06953125
0 0.48515625 0.71640625 0.02421875 0.04765625
0 0.178125 0.49765625 0.02265625 0.05390625
0 0.27109375 0.81875 0.040625 0.02890625
0 0.4484375 0.975 0.02890625 0.04375
0 0.61953125 0.58203125 0.02578125 0.07421875
0 0.58203125 0.45078125 0.0390625 0.06875
0 0.6140625 0.753125 0.034375 0.0828125
0 0.01640625 0.39765625 0.0328125 0.025
0 0.5171875 0.228125 0.05 0.03203125
0 0.29140625 0.70625 0.03359375 0.04921875