0 0.37890625 0.52734375 0.04140625 0.09140625
0 0.31875 0.821875 0.0265625 0.065625
0 0.32109375 0.875 0.01875 0.04375
0 0.41015625 0.7078125 0.05 0.06484375
0 0.53515625 0.82890625 0.0546875 0.040625
0 0.46875 0.86015625 0.02265625 0.06796875
0 0.6484375 0.3234375 0.06796875 0.05703125
0 0.2796875 0.34453125 0.06953125 0.01796875
0 0.30703125 0.1765625 0.0453125 0.0421875
0 0.46328125 0.46484375 0.06328125 0.03203125
0 0.19375 0.61171875 0.0640625 0.021875
0 0.01875 0.91640625 0.03671875 0.0359375
0 0.58828125 0.14140625 0.0421875 0.03984375
0 0.540625 0.49375 0.02734375 0.02734375
0 0.09921875 0.75546875 0.06171875 0.03359375
0 0.65 0.7203125 0.05546875 0.03984375