0 0.84921875 0.34609375 0.02578125 0.07421875
0 0.03515625 0.06015625 0.06875 0.03046875
0 0.153125 0.58515625 0.07109375 0.034375
0 0.4484375 0.040625 0.0484375 0.03515625
0 0.81171875 0.578125 0.04921875 0.05234375
0 0.84921875 0.6328125 0.04453125 0.06171875
0 0.3734375 0.74296875 0.03359375 0.07265625
0 0.48359375 0.471875 0.021875 0.0515625
0 0.25625 0.43203125 0.078125 0.0328125
0 0.265625 0.56875 0.0453125 0.05078125
0 0.34140625 0.5328125 0.05234375 0.07421875
0 0.53515625 0.18984375 0.0453125 0.0421875
0 0.0546875 0.146875 0.07421875 0.05390625
0 0.12734375 0.14453125 0.03046875 0.03203125