0 0.546875 0.5265625 0.01875 0.0578125
0 0.30234375 0.7953125 0.04140625 0.05703125
0 0.34921875 0.6796875 0.03359375 0.08984375
0 0.31015625 0.3703125 0.01875 0.06171875
0 0.72265625 0.3140625 0.06015625 0.034375
0 0.7234375 0.25546875 0.02734375 0.05703125
0 0.40234375 0.06484375 0.04296875 0.05
0 0.525 0.71328125 0.0390625 0.040625
0 0.72421875 0.44375 0.04609375 0.05390625
0 0.55625 0.05859375 0.03828125 0.0640625
0 0.96796875 0.17734375 0.059375 0.05703125
0 0.6015625 0.56171875 0.03828125 0.0875