0 0.0234375 0.29453125 0.02734375 0.02890625
0 0.05 0.32265625 0.034375 0.03046875
0 0.0390625 0.68671875 0.03515625 0.128125
0 0.23828125 0.68671875 0.025 0.1125
0 0.24140625 0.5578125 0.05546875 0.03515625
0 0.47578125 0.53359375 0.046875 0.04140625
0 0.56796875 0.63828125 0.0484375 0.05859375
0 0.69453125 0.64765625 0.034375 0.03359375
0 0.69296875 0.6796875 0.0640625 0.05078125
0 0.6859375 0.809375 0.059375 0.05078125
0 0.92890625 0.58671875 0.0609375 0.03046875
0 0.80625 0.71640625 0.046875 0.03515625
0 0.534375 0.22265625 0.03203125 0.02734375
0 0.83671875 0.13828125 0.0328125 0.04375
0 0.94140625 0.09453125 0.02421875 0.06796875
0 0.53515625 0.76875 0.03671875 0.06953125
0 0.12890625 0.43671875 0.0453125 0.05078125
0 0.16328125 0.44375 0.028125 0.04765625
0 0.14609375 0.496875 0.0328125 0.05546875