0 0.5734375 0.32265625 0.034375 0.07109375
0 0.6078125 0.26953125 0.0265625 0.03515625
0 0.596875 0.08515625 0.059375 0.04609375
0 0.77890625 0.24609375 0.05 0.07109375
0 0.8078125 0.29296875 0.025 0.02890625
0 0.8515625 0.23671875 0.0515625 0.065625
0 0.8265625 0.13984375 0.02734375 0.07109375
0 0.95 0.246875 0.0515625 0.059375
0 0.61796875 0.7265625 0.0453125 0.04296875
0 0.81796875 0.89609375 0.05546875 0.05234375
0 0.90390625 0.98046875 0.04609375 0.0375
0 0.92890625 0.80703125 0.02109375 0.04921875
0 0.92890625 0.0640625 0.04921875 0.046875