0 0.46171875 0.5828125 0.04296875 0.1140625
0 0.52265625 0.7109375 0.05625 0.04765625
0 0.73046875 0.5609375 0.065625 0.0375
0 0.815625 0.26328125 0.0640625 0.08203125
0 0.54140625 0.41796875 0.06328125 0.034375
0 0.22265625 0.44609375 0.03515625 0.065625
0 0.075 0.30078125 0.02890625 0.03515625
0 0.50859375 0.57265625 0.05 0.07890625
0 0.30234375 0.9484375 0.0328125 0.08984375
0 0.4359375 0.125 0.0328125 0.1046875
0 0.3375 0.021875 0.03515625 0.04375
0 0.24296875 0.0203125 0.05546875 0.03046875
0 0.215625 0.05234375 0.0265625 0.0671875
0 0.89375 0.759375 0.07734375 0.04375