0 0.7328125 0.35703125 0.03125 0.05546875
0 0.9671875 0.4015625 0.02734375 0.07578125
0 0.9890625 0.496875 0.01875 0.06015625
0 0.77265625 0.3859375 0.03671875 0.0890625
0 0.6546875 0.52890625 0.01875 0.04765625
0 0.45625 0.3765625 0.02734375 0.07265625
0 0.184375 0.17734375 0.01875 0.07109375
0 0.22734375 0.18359375 0.05234375 0.02890625
0 0.16796875 0.32890625 0.02109375 0.05390625
0 0.13515625 0.5421875 0.04453125 0.03671875
0 0.54296875 0.75390625 0.0265625 0.05546875
0 0.66015625 0.8265625 0.0296875 0.08671875
0 0.590625 0.65390625 0.04765625 0.0203125
0 0.7515625 0.52578125 0.0546875 0.08515625
0 0.4546875 0.525 0.0546875 0.05859375
0 0.10625 0.8921875 0.046875 0.034375
0 0.11796875 0.85 0.040625 0.02734375
0 0.046875 0.62109375 0.0296875 0.06328125
0 0.04453125 0.53984375 0.0515625 0.04296875
0 0.09375 0.4828125 0.0265625 0.08125
0 0.1734375 0.43515625 0.025 0.0578125
0 0.3609375 0.40390625 0.02734375 0.04140625
0 0.47890625 0.39921875 0.0296875 0.05390625
0 0.5625 0.42109375 0.0453125 0.071875
0 0.53515625 0.37109375 0.03046875 0.05078125
0 0.6390625 0.33984375 0.059375 0.04921875
0 0.565625 0.52265625 0.05078125 0.0375
0 0.66484375 0.25078125 0.05859375 0.06328125
0 0.53984375 0.2484375 0.0234375 0.059375
0 0.4625 0.11171875 0.03046875 0.04921875
0 0.4828125 0.10234375 0.04296875 0.04609375
0 0.22578125 0.26328125 0.0328125 0.034375
0 0.25859375 0.24296875 0.0296875 0.07421875
0 0.2109375 0.02890625 0.06796875 0.05390625
0 0.7984375 0.04765625 0.02421875 0.05390625
0 0.890625 0.25625 0.04140625 0.03359375
0 0.9234375 0.3171875 0.0375 0.08125
0 0.6328125 0.7453125 0.02890625 0.05390625
0 0.07421875 0.02578125 0.0328125 0.0515625
0 0.0890625 0.08359375 0.0265625 0.05234375
0 0.04921875 0.20703125 0.03515625 0.03046875
0 0.73203125 0.20234375 0.0203125 0.04765625
0 0.17734375 0.68203125 0.034375 0.025
0 0.71015625 0.6484375 0.02890625 0.07265625
0 0.52734375 0.0640625 0.05546875 0.0578125