0 0.565625 0.75234375 0.05234375 0.0546875
0 0.86953125 0.76796875 0.075 0.0375
0 0.66015625 0.70078125 0.03203125 0.06171875
0 0.5859375 0.23828125 0.04453125 0.0828125
0 0.68984375 0.390625 0.03515625 0.03046875
0 0.36953125 0.55 0.0296875 0.07421875
0 0.34296875 0.86796875 0.03671875 0.06171875
0 0.046875 0.60859375 0.0390625 0.04375
0 0.17265625 0.26796875 0.05 0.04375
0 0.653125 0.79140625 0.05859375 0.04921875
0 0.7515625 0.54765625 0.034375 0.06875
0 0.7015625 0.3609375 0.025 0.04375
0 0.38359375 0.728125 0.0203125 0.0875
0 0.19140625 0.1796875 0.059375 0.0390625