0 0.31328125 0.5546875 0.0390625 0.0671875
0 0.31640625 0.46328125 0.046875 0.05859375
0 0.32421875 0.3796875 0.0296875 0.046875
0 0.28828125 0.259375 0.02734375 0.03046875
0 0.34140625 0.24609375 0.06640625 0.03046875
0 0.45546875 0.36953125 0.03046875 0.034375
0 0.49453125 0.390625 0.04296875 0.03046875
0 0.63125 0.2796875 0.0265625 0.090625
0 0.66015625 0.61796875 0.046875 0.03828125
0 0.68203125 0.8296875 0.02109375 0.03046875
0 0.928125 0.85078125 0.02734375 0.03828125
0 0.78046875 0.96640625 0.053125 0.0640625
0 0.4046875 0.665625 0.04375 0.07265625
0 0.03359375 0.371875 0.046875 0.04921875
0 0.1453125 0.55 0.0328125 0.040625
0 0.43515625 0.61015625 0.03046875 0.07265625
0 0.428125 0.68125 0.03359375 0.05390625
0 0.4359375 0.7984375 0.04921875 0.04921875
0 0.96796875 0.971875 0.02890625 0.0546875
0 0.01484375 0.87734375 0.0296875 0.03046875