0 0.24921875 0.81796875 0.07734375 0.040625
0 0.26484375 0.6671875 0.04921875 0.04140625
0 0.20703125 0.4671875 0.059375 0.03359375
0 0.240625 0.49375 0.03203125 0.07734375
0 0.36640625 0.47578125 0.06328125 0.040625
0 0.640625 0.65859375 0.028125 0.06171875
0 0.8328125 0.48359375 0.0296875 0.06953125
0 0.85078125 0.4890625 0.03203125 0.07421875
0 0.6453125 0.45859375 0.0921875 0.03671875
0 0.7125 0.46171875 0.0265625 0.03359375
0 0.75234375 0.4921875 0.065625 0.02734375
0 0.9375 0.034375 0.0640625 0.06640625
0 0.975 0.1515625 0.0484375 0.03046875
0 0.0171875 0.1640625 0.03359375 0.04921875
0 0.5046875 0.3734375 0.05859375 0.04609375
0 0.58671875 0.3765625 0.02734375 0.084375
0 0.32265625 0.98515625 0.03671875 0.028125