0 0.340625 0.4515625 0.05390625 0.04765625
0 0.51328125 0.2609375 0.0484375 0.0421875
0 0.33046875 0.1125 0.0125 0.01640625
0 0.35078125 0.1484375 0.04140625 0.071875
0 0.4671875 0.17421875 0.0609375 0.03515625
0 0.934375 0.41796875 0.05859375 0.04921875
0 0.884375 0.8125 0.0265625 0.0921875
0 0.46953125 0.5859375 0.028125 0.0828125
0 0.09453125 0.43671875 0.028125 0.0328125
0 0.3 0.275 0.02421875 0.0671875
0 0.24921875 0.66640625 0.02265625 0.06796875
0 0.1453125 0.034375 0.046875 0.06875
0 0.24296875 0.1375 0.04296875 0.0421875
0 0.86328125 0.684375 0.04453125 0.04375