0 0.10390625 0.046875 0.0453125 0.0421875
0 0.14375 0.028125 0.05 0.0359375
0 0.6078125 0.03671875 0.04375 0.03203125
0 0.6625 0.05546875 0.05078125 0.04375
0 0.7171875 0.028125 0.034375 0.05234375
0 0.74140625 0.51875 0.059375 0.03828125
0 0.55546875 0.8171875 0.04140625 0.0390625
0 0.66015625 0.96484375 0.04140625 0.06796875
0 0.215625 0.63125 0.02734375 0.06875
0 0.2828125 0.61875 0.03515625 0.06484375
0 0.27890625 0.5140625 0.03671875 0.06796875
0 0.17578125 0.225 0.05703125 0.04140625
0 0.4078125 0.62109375 0.05703125 0.04140625
0 0.20390625 0.928125 0.04375 0.03203125
0 0.33046875 0.38515625 0.0421875 0.06953125