0 0.17109375 0.209375 0.0875 0.0375
0 0.38359375 0.10390625 0.02421875 0.06875
0 0.2984375 0.10546875 0.04296875 0.05234375
0 0.446875 0.196875 0.0953125 0.02890625
0 0.6296875 0.21328125 0.02734375 0.065625
0 0.6484375 0.22109375 0.02734375 0.07421875
0 0.4421875 0.390625 0.02109375 0.05234375
0 0.0609375 0.4046875 0.040625 0.03984375
0 0.04140625 0.55703125 0.08203125 0.03046875
0 0.10859375 0.7265625 0.05859375 0.03671875
0 0.046875 0.87890625 0.0640625 0.02734375
0 0.6046875 0.73515625 0.02734375 0.05703125
0 0.890625 0.73828125 0.04140625 0.04375
0 0.609375 0.39921875 0.02734375 0.07265625
0 0.65234375 0.37421875 0.040625 0.05390625
0 0.7 0.33203125 0.040625 0.07421875