0 0.39375 0.5265625 0.02578125 0.06796875
0 0.46953125 0.7171875 0.028125 0.06953125
0 0.6171875 0.66796875 0.05 0.04765625
0 0.8125 0.49453125 0.06953125 0.0328125
0 0.234375 0.765625 0.046875 0.028125
0 0.0328125 0.5171875 0.03515625 0.0453125
0 0.30078125 0.83125 0.04453125 0.059375
0 0.38515625 0.8421875 0.05 0.0375
0 0.8140625 0.9484375 0.05625 0.03515625
0 0.85546875 0.27265625 0.05078125 0.04765625
0 0.54296875 0.12109375 0.059375 0.0375
0 0.45625 0.55625 0.028125 0.0765625
0 0.90625 0.6578125 0.0390625 0.05390625
0 0.16796875 0.91484375 0.025 0.0421875
0 0.05859375 0.85234375 0.04296875 0.0890625
0 0.08203125 0.43515625 0.040625 0.07421875
0 0.95703125 0.07578125 0.04765625 0.06015625