0 0.38046875 0.47890625 0.05546875 0.07421875
0 0.40078125 0.6203125 0.05546875 0.08125
0 0.46875 0.61484375 0.0265625 0.04140625
0 0.61953125 0.62578125 0.02578125 0.05390625
0 0.71171875 0.628125 0.034375 0.07890625
0 0.7421875 0.5453125 0.0453125 0.0890625
0 0.71875 0.4515625 0.0390625 0.06015625
0 0.80390625 0.196875 0.02890625 0.0484375
0 0.84140625 0.24921875 0.02890625 0.0546875
0 0.90625 0.20859375 0.0203125 0.071875
0 0.18359375 0.5234375 0.03671875 0.0328125
0 0.21015625 0.715625 0.03125 0.07421875
0 0.43828125 0.934375 0.03203125 0.07734375
0 0.6140625 0.77578125 0.025 0.0546875
0 0.6203125 0.67578125 0.02421875 0.06171875
0 0.5046875 0.45859375 0.05859375 0.02734375
0 0.17421875 0.9625 0.04375 0.0609375
0 0.303125 0.10390625 0.03515625 0.06171875
0 0.04140625 0.534375 0.03046875 0.06796875
0 0.54296875 0.74375 0.01796875 0.06484375
0 0.8 0.10625 0.03515625 0.05390625