0 0.415625 0.390625 0.0578125 0.05
0 0.55703125 0.7390625 0.046875 0.06953125
0 0.68984375 0.5625 0.046875 0.06484375
0 0.7359375 0.43203125 0.03359375 0.0671875
0 0.8390625 0.265625 0.02109375 0.071875
0 0.8765625 0.31640625 0.04296875 0.03515625
0 0.140625 0.3390625 0.04921875 0.05703125
0 0.7484375 0.8828125 0.01796875 0.0859375
0 0.98046875 0.496875 0.03828125 0.04921875
0 0.68359375 0.359375 0.04296875 0.03046875
0 0.7078125 0.31953125 0.02734375 0.07265625
0 0.78515625 0.14765625 0.04375 0.03203125
0 0.79453125 0.1734375 0.02421875 0.03984375
0 0.89375 0.15234375 0.040625 0.04375
0 0.8859375 0.178125 0.0390625 0.05859375
0 0.89609375 0.26640625 0.03046875 0.07109375
0 0.9796875 0.253125 0.03984375 0.03984375
0 0.0359375 0.88984375 0.05234375 0.0421875