0 0.26171875 0.43515625 0.02890625 0.07890625
0 0.0796875 0.57578125 0.03671875 0.040625
0 0.20703125 0.80859375 0.059375 0.02890625
0 0.31875 0.80625 0.03125 0.0421875
0 0.5 0.65546875 0.0296875 0.09765625
0 0.76171875 0.5546875 0.03046875 0.0390625
0 0.87109375 0.2984375 0.02734375 0.06171875
0 0.71640625 0.0640625 0.0546875 0.03984375
0 0.3453125 0.2671875 0.028125 0.065625
0 0.03515625 0.7 0.04375 0.02734375
0 0.01640625 0.76171875 0.0328125 0.04921875
0 0.8234375 0.528125 0.0390625 0.040625