0 0.5 0.05546875 0.034375 0.07890625
0 0.38515625 0.24375 0.0296875 0.05234375
0 0.2 0.5515625 0.0453125 0.040625
0 0.43203125 0.565625 0.053125 0.03203125
0 0.57890625 0.4203125 0.0328125 0.05703125
0 0.6765625 0.38359375 0.0234375 0.03828125
0 0.60703125 0.48671875 0.0328125 0.06640625
0 0.8640625 0.434375 0.02109375 0.0828125
0 0.40234375 0.75703125 0.03203125 0.05703125
0 0.41875 0.85546875 0.05234375 0.0453125
0 0.7640625 0.63828125 0.02109375 0.06640625
0 0.77265625 0.67890625 0.05546875 0.0421875
0 0.85625 0.14375 0.03203125 0.02734375
0 0.95859375 0.1390625 0.04140625 0.05234375
0 0.8734375 0.68203125 0.03515625 0.0390625
0 0.7359375 0.696875 0.03515625 0.03671875