0 0.71953125 0.375 0.05390625 0.0421875
0 0.14140625 0.21171875 0.02421875 0.07890625
0 0.31484375 0.65078125 0.03515625 0.05234375
0 0.9640625 0.45703125 0.0609375 0.0375
0 0.75546875 0.765625 0.07265625 0.0328125
0 0.03515625 0.7875 0.04375 0.05390625
0 0.2328125 0.96015625 0.04140625 0.03515625
0 0.26953125 0.9328125 0.04375 0.03671875
0 0.8140625 0.2984375 0.04921875 0.03359375
0 0.0671875 0.22109375 0.03671875 0.06796875
0 0.63984375 0.46640625 0.0453125 0.04609375
0 0.684375 0.1234375 0.0203125 0.05703125