0 0.1875 0.78984375 0.0546875 0.028125
0 0.8484375 0.05859375 0.02734375 0.071875
0 0.8 0.26171875 0.05 0.03984375
0 0.61875 0.03828125 0.04296875 0.07421875
0 0.23125 0.7265625 0.04921875 0.06953125
0 0.27734375 0.65859375 0.05390625 0.05703125
0 0.51171875 0.9171875 0.0296875 0.0875
0 0.55390625 0.60234375 0.0296875 0.06953125
0 0.36171875 0.7390625 0.05390625 0.0296875
0 0.4375 0.86875 0.0203125 0.06484375
0 0.2359375 0.83359375 0.05859375 0.0546875
0 0.57578125 0.83125 0.0546875 0.03984375
0 0.6421875 0.55390625 0.02109375 0.04921875
0 0.09296875 0.08125 0.02890625 0.040625
0 0.09921875 0.21328125 0.04140625 0.04921875
0 0.26171875 0.39375 0.0328125 0.06171875
0 0.77734375 0.02890625 0.02734375 0.05390625
0 0.978125 0.01640625 0.025 0.0328125