0 0.51171875 0.7453125 0.04140625 0.05234375
0 0.54296875 0.90859375 0.03359375 0.0796875
0 0.77421875 0.65625 0.05625 0.0328125
0 0.05546875 0.6671875 0.02734375 0.07890625
0 0.31953125 0.75390625 0.07109375 0.0296875
0 0.32421875 0.8078125 0.046875 0.05703125
0 0.4234375 0.24453125 0.0296875 0.0390625
0 0.42890625 0.30625 0.02421875 0.04375
0 0.46484375 0.3140625 0.0265625 0.034375
0 0.75546875 0.38203125 0.0484375 0.0421875
0 0.13515625 0.6703125 0.0125 0.01640625
0 0.14609375 0.70703125 0.021875 0.07421875
0 0.315625 0.63828125 0.021875 0.0875
0 0.61953125 0.7203125 0.0296875 0.05703125
0 0.33515625 0.13828125 0.03203125 0.0515625
0 0.49140625 0.5 0.025 0.065625
0 0.5515625 0.23046875 0.05234375 0.0421875
0 0.22890625 0.82734375 0.04140625 0.059375
0 0.65 0.9515625 0.0296875 0.06171875
0 0.57421875 0.5375 0.03515625 0.06953125