0 0.27890625 0.31328125 0.06171875 0.04765625
0 0.25546875 0.25234375 0.0296875 0.0546875
0 0.7 0.20859375 0.0375 0.04765625
0 0.59140625 0.28125 0.0296875 0.06953125
0 0.7296875 0.26953125 0.05234375 0.025
0 0.77265625 0.55390625 0.01875 0.071875
0 0.63515625 0.85078125 0.02421875 0.059375
0 0.07734375 0.4015625 0.071875 0.02734375
0 0.4015625 0.02890625 0.034375 0.04375
0 0.2796875 0.04296875 0.03515625 0.0828125
0 0.903125 0.7375 0.02890625 0.06171875
0 0.52109375 0.90390625 0.03203125 0.06484375
0 0.51640625 0.39921875 0.0296875 0.040625
0 0.37109375 0.75546875 0.059375 0.06015625
0 0.44453125 0.61953125 0.03671875 0.05078125
0 0.90546875 0.803125 0.03828125 0.0953125