0 0.02734375 0.28125 0.0390625 0.08125
0 0.10234375 0.1 0.06171875 0.0828125
0 0.3265625 0.0703125 0.0640625 0.084375
0 0.24609375 0.31640625 0.0296875 0.07890625
0 0.2203125 0.4890625 0.034375 0.05390625
0 0.196875 0.62734375 0.02734375 0.05703125
0 0.425 0.421875 0.025 0.0671875
0 0.4640625 0.434375 0.053125 0.03828125
0 0.5890625 0.34609375 0.0328125 0.06171875
0 0.83046875 0.403125 0.07734375 0.03984375
0 0.78515625 0.259375 0.02265625 0.05859375
0 0.5171875 0.71640625 0.06875 0.04765625
0 0.64140625 0.6453125 0.065625 0.0484375
0 0.75234375 0.8015625 0.03828125 0.06328125
0 0.98046875 0.8953125 0.0375 0.09453125
0 0.7 0.9578125 0.02421875 0.05078125
0 0.50390625 0.95859375 0.0453125 0.05625
0 0.3421875 0.33046875 0.046875 0.03671875