0 0.2859375 0.44375 0.034375 0.040625
0 0.1078125 0.84765625 0.04375 0.025
0 0.25234375 0.78515625 0.0359375 0.0390625
0 0.03203125 0.97265625 0.02109375 0.04375
0 0.8828125 0.415625 0.0328125 0.04609375
0 0.95625 0.275 0.03671875 0.04296875
0 0.9671875 0.575 0.04296875 0.03046875
0 0.51796875 0.978125 0.04140625 0.03046875
0 0.94921875 0.9484375 0.0296875 0.04921875
0 0.3375 0.446875 0.05 0.05078125
0 0.384375 0.39375 0.0125 0.0328125
0 0.575 0.409375 0.025 0.03359375
0 0.103125 0.371875 0.0203125 0.03203125
0 0.29296875 0.98046875 0.025 0.0375
0 0.42578125 0.2140625 0.0265625 0.040625