0 0.678125 0.17578125 0.0796875 0.03515625
0 0.26796875 0.540625 0.03828125 0.07578125
0 0.2046875 0.82265625 0.040625 0.04765625
0 0.3078125 0.934375 0.03671875 0.046875
0 0.265625 0.796875 0.028125 0.04921875
0 0.7328125 0.5796875 0.0640625 0.025
0 0.3796875 0.6796875 0.08203125 0.084375
0 0.95703125 0.56484375 0.040625 0.03046875
0 0.98359375 0.89609375 0.02734375 0.05859375
0 0.66640625 0.26875 0.053125 0.04921875
0 0.9578125 0.45078125 0.046875 0.05859375
0 0.2578125 0.28828125 0.03046875 0.04375
0 0.12109375 0.4609375 0.028125 0.0484375