0 0.6125 0.6234375 0.02421875 0.05078125
0 0.63203125 0.6046875 0.03515625 0.040625
0 0.95390625 0.59375 0.0328125 0.07265625
0 0.75703125 0.3625 0.03515625 0.04921875
0 0.8328125 0.2796875 0.02109375 0.06171875
0 0.46875 0.15625 0.04453125 0.07265625
0 0.53671875 0.909375 0.03203125 0.06953125
0 0.4921875 0.95234375 0.040625 0.04375
0 0.378125 0.38828125 0.03125 0.04921875
0 0.5453125 0.33515625 0.03984375 0.02890625
0 0.628125 0.42421875 0.02734375 0.05390625
0 0.5890625 0.4625 0.02265625 0.06484375
0 0.57265625 0.4859375 0.040625 0.03828125
0 0.6109375 0.55234375 0.03515625 0.034375
0 0.471875 0.775 0.01171875 0.0375
0 0.2015625 0.259375 0.01875 0.04921875
0 0.11875 0.40859375 0.02109375 0.04765625
0 0.27890625 0.13125 0.03046875 0.040625
0 0.75390625 0.16640625 0.03046875 0.06640625
0 0.6453125 0.378125 0.07421875 0.04296875
0 0.54140625 0.77265625 0.02734375 0.0609375
0 0.51796875 0.77734375 0.0296875 0.0578125
0 0.490625 0.79296875 0.0296875 0.0390625
0 0.55859375 0.96484375 0.05234375 0.06875
0 0.96875 0.2390625 0.04296875 0.05703125