0 0.7703125 0.475 0.0453125 0.04921875
0 0.94453125 0.503125 0.04609375 0.04921875
0 0.94296875 0.72265625 0.046875 0.03515625
0 0.9796875 0.75703125 0.03828125 0.04375
0 0.23203125 0.065625 0.05234375 0.05
0 0.1578125 0.22265625 0.02734375 0.03671875
0 0.23984375 0.3640625 0.08984375 0.05390625
0 0.125 0.5421875 0.03515625 0.03828125
0 0.334375 0.540625 0.04375 0.03203125
0 0.7296875 0.2921875 0.05546875 0.01484375
0 0.8078125 0.37265625 0.03671875 0.04375
0 0.91484375 0.1015625 0.0390625 0.04765625