0 0.12421875 0.75078125 0.02734375 0.07109375
0 0.1375 0.68515625 0.04140625 0.0359375
0 0.0640625 0.62578125 0.06953125 0.0671875
0 0.31953125 0.6765625 0.05 0.04375
0 0.503125 0.81328125 0.059375 0.0375
0 0.61796875 0.92421875 0.05 0.03046875
0 0.7140625 0.85078125 0.046875 0.05546875
0 0.81328125 0.865625 0.040625 0.05859375
0 0.85625 0.19296875 0.03203125 0.07265625
0 0.1734375 0.31171875 0.02734375 0.040625
0 0.15390625 0.46015625 0.04375 0.02734375
0 0.17265625 0.8984375 0.059375 0.040625
0 0.2484375 0.8234375 0.05 0.03046875
0 0.24296875 0.77578125 0.03671875 0.084375
0 0.553125 0.5015625 0.02890625 0.04609375
0 0.56796875 0.44140625 0.02421875 0.03359375
0 0.609375 0.4609375 0.02734375 0.025
0 0.41640625 0.159375 0.03671875 0.04609375
0 0.77890625 0.4484375 0.0203125 0.034375
0 0.90234375 0.45 0.02421875 0.025
0 0.9359375 0.4296875 0.03203125 0.04140625
0 0.67734375 0.5625 0.0296875 0.059375
0 0.1859375 0.4171875 0.03046875 0.05859375
0 0.253125 0.40390625 0.0296875 0.06640625
0 0.34375 0.115625 0.06640625 0.03203125
0 0.746875 0.3703125 0.03515625 0.06875