0 0.16875 0.34609375 0.0546875 0.05234375
0 0.53515625 0.17421875 0.03515625 0.07578125
0 0.71796875 0.19921875 0.04765625 0.05703125
0 0.70625 0.27109375 0.02890625 0.05390625
0 0.98828125 0.33671875 0.02109375 0.0421875
0 0.984375 0.52578125 0.03046875 0.0375
0 0.759375 0.81796875 0.04921875 0.04765625
0 0.9296875 0.91875 0.01875 0.05390625
0 0.86015625 0.8296875 0.04140625 0.08125
0 0.6671875 0.8546875 0.03359375 0.07109375
0 0.5578125 0.9390625 0.0328125 0.07109375
0 0.54140625 0.83984375 0.0390625 0.0375
0 0.53828125 0.3296875 0.0625 0.0453125
0 0.48671875 0.02578125 0.0328125 0.0515625
0 0.68203125 0.684375 0.05078125 0.0375
0 0.8171875 0.64375 0.0515625 0.04140625
0 0.3515625 0.66796875 0.04609375 0.11171875
0 0.2859375 0.4765625 0.03203125 0.06171875
0 0.43515625 0.384375 0.06171875 0.04296875
0 0.5765625 0.459375 0.05234375 0.0484375
0 0.52578125 0.44765625 0.06171875 0.0328125
0 0.3328125 0.13203125 0.06953125 0.05546875