0 0.96171875 0.4265625 0.04453125 0.04375
0 0.9453125 0.56484375 0.0265625 0.0875
0 0.98046875 0.85078125 0.025 0.0890625
0 0.85859375 0.921875 0.03046875 0.06171875
0 0.7921875 0.8 0.05703125 0.03515625
0 0.83125 0.7921875 0.02421875 0.05703125
0 0.4421875 0.978125 0.02578125 0.04140625
0 0.7234375 0.465625 0.0328125 0.08125
0 0.578125 0.25234375 0.06640625 0.03828125
0 0.4234375 0.28515625 0.05703125 0.05078125
0 0.29453125 0.07890625 0.025 0.04375
0 0.92578125 0.22578125 0.040625 0.03671875
0 0.33671875 0.9 0.03671875 0.05703125