0 0.23984375 0.828125 0.08984375 0.03671875
0 0.26953125 0.67421875 0.053125 0.04921875
0 0.20625 0.47109375 0.05234375 0.0390625
0 0.23671875 0.49609375 0.0328125 0.0640625
0 0.36640625 0.4796875 0.0640625 0.03828125
0 0.49296875 0.52265625 0.034375 0.09765625
0 0.6390625 0.6609375 0.02109375 0.04765625
0 0.80546875 0.6671875 0.0375 0.07265625
0 0.853125 0.64453125 0.04140625 0.03984375
0 0.89921875 0.62265625 0.05859375 0.09765625
0 0.8328125 0.48984375 0.034375 0.07578125
0 0.853125 0.4953125 0.034375 0.07734375
0 0.73203125 0.27265625 0.025 0.05390625
0 0.58515625 0.3765625 0.02890625 0.07109375
0 0.5015625 0.38671875 0.0453125 0.05390625
0 0.64375 0.46328125 0.10078125 0.03671875
0 0.73046875 0.48046875 0.06640625 0.06484375
0 0.93671875 0.03984375 0.06875 0.07265625
0 0.9765625 0.15390625 0.04609375 0.040625
0 0.0171875 0.1640625 0.03125 0.06171875