0 0.37890625 0.17265625 0.0328125 0.0953125
0 0.38125 0.33984375 0.05625 0.071875
0 0.23125 0.63515625 0.02265625 0.04609375
0 0.2578125 0.575 0.0328125 0.04765625
0 0.07265625 0.69296875 0.02421875 0.05703125
0 0.14921875 0.96484375 0.03046875 0.06015625
0 0.34453125 0.853125 0.02421875 0.096875
0 0.48125 0.72578125 0.0453125 0.06640625
0 0.7109375 0.82265625 0.03515625 0.05390625
0 0.628125 0.97265625 0.03359375 0.053125
0 0.90625 0.5890625 0.02734375 0.10625
0 0.69921875 0.5703125 0.03046875 0.06640625
0 0.34453125 0.54921875 0.04375 0.0359375
0 0.9390625 0.29921875 0.046875 0.04140625
0 0.2484375 0.14375 0.05 0.04296875
0 0.40234375 0.52890625 0.02578125 0.0390625
0 0.0171875 0.86171875 0.02734375 0.06015625