0 0.690625 0.95078125 0.0640625 0.0546875
0 0.35 0.51015625 0.0390625 0.06484375
0 0.1515625 0.41328125 0.08203125 0.034375
0 0.04296875 0.57265625 0.05234375 0.0453125
0 0.103125 0.8375 0.0640625 0.0375
0 0.37890625 0.6734375 0.075 0.028125
0 0.33984375 0.41796875 0.0125 0.01640625
0 0.38671875 0.4453125 0.09296875 0.0546875
0 0.3359375 0.28515625 0.059375 0.0328125
0 0.66171875 0.07578125 0.07265625 0.05234375
0 0.45546875 0.85390625 0.06640625 0.0484375
0 0.4890625 0.97421875 0.025 0.0421875
0 0.78046875 0.684375 0.03203125 0.07890625
0 0.46015625 0.5828125 0.0609375 0.0421875
0 0.90703125 0.296875 0.04296875 0.05703125