0 0.503125 0.30625 0.03203125 0.034375
0 0.54609375 0.259375 0.05 0.059375
0 0.4921875 0.5953125 0.03515625 0.07421875
0 0.36015625 0.52421875 0.02578125 0.07734375
0 0.56484375 0.34609375 0.0546875 0.0546875
0 0.9046875 0.56875 0.02421875 0.05703125
0 0.296875 0.8015625 0.08203125 0.0390625
0 0.33515625 0.90859375 0.02734375 0.03671875
0 0.7 0.7625 0.03671875 0.034375
0 0.690625 0.63671875 0.02421875 0.04609375
0 0.4109375 0.24765625 0.02734375 0.07421875
0 0.89765625 0.22421875 0.06875 0.04296875
0 0.36484375 0.73046875 0.0265625 0.040625
0 0.346875 0.0921875 0.04375 0.03828125
0 0.38203125 0.565625 0.02421875 0.04140625