0 0.35390625 0.6046875 0.02734375 0.07890625
0 0.4671875 0.62578125 0.02421875 0.05703125
0 0.646875 0.26640625 0.046875 0.059375
0 0.946875 0.26328125 0.08359375 0.05234375
0 0.5046875 0.6609375 0.046875 0.0375
0 0.83046875 0.83359375 0.0375 0.0546875
0 0.81015625 0.93984375 0.05625 0.05703125
0 0.2484375 0.815625 0.04453125 0.0375
0 0.36484375 0.7984375 0.03515625 0.0953125
0 0.41171875 0.821875 0.046875 0.04921875
0 0.26015625 0.7046875 0.0671875 0.03359375
0 0.2421875 0.66640625 0.06953125 0.05234375
0 0.640625 0.43125 0.0453125 0.021875
0 0.64375 0.4484375 0.053125 0.025
0 0.80390625 0.3796875 0.03359375 0.046875
0 0.7984375 0.44296875 0.04921875 0.04609375
0 0.9765625 0.6890625 0.04609375 0.05859375
0 0.35546875 0.22265625 0.0296875 0.0578125
0 0.709375 0.8390625 0.053125 0.071875
0 0.5765625 0.8734375 0.03515625 0.09453125
0 0.52265625 0.071875 0.059375 0.03515625
0 0.77109375 0.09453125 0.02734375 0.03046875