0 0.3859375 0.1671875 0.03203125 0.07421875
0 0.58359375 0.1171875 0.04140625 0.03828125
0 0.59375 0.07890625 0.03671875 0.04765625
0 0.62890625 0.1640625 0.0359375 0.05546875
0 0.73125 0.2609375 0.04375 0.0328125
0 0.8578125 0.28359375 0.04921875 0.04375
0 0.93984375 0.02421875 0.05078125 0.0390625
0 0.4765625 0.8109375 0.028125 0.06015625
0 0.515625 0.88203125 0.0609375 0.03046875
0 0.625 0.846875 0.03359375 0.07734375
0 0.56796875 0.67109375 0.04375 0.03671875
0 0.9671875 0.8109375 0.04140625 0.0640625
0 0.159375 0.6609375 0.05234375 0.0375