0 0.3421875 0.3390625 0.0328125 0.0734375
0 0.13984375 0.16875 0.04140625 0.06484375
0 0.0296875 0.07109375 0.03671875 0.05390625
0 0.9 0.19921875 0.06171875 0.07421875
0 0.70859375 0.4546875 0.04453125 0.0890625
0 0.63046875 0.6375 0.0484375 0.03671875
0 0.7875 0.76640625 0.02734375 0.06171875
0 0.159375 0.6421875 0.04296875 0.0234375
0 0.2078125 0.65703125 0.04921875 0.02421875
0 0.30703125 0.71484375 0.0453125 0.04375
0 0.059375 0.73359375 0.0328125 0.05390625
0 0.55859375 0.90078125 0.040625 0.04921875
0 0.98671875 0.5203125 0.02578125 0.05234375