0 0.12109375 0.91640625 0.05546875 0.05546875
0 0.13359375 0.85390625 0.06640625 0.059375
0 0.1390625 0.70546875 0.053125 0.0859375
0 0.3046875 0.63828125 0.04296875 0.04609375
0 0.23203125 0.4453125 0.0359375 0.0671875
0 0.396875 0.465625 0.03046875 0.090625
0 0.40078125 0.340625 0.02578125 0.06015625
0 0.33203125 0.28828125 0.05546875 0.0671875
0 0.58515625 0.91640625 0.0203125 0.05546875
0 0.6078125 0.88515625 0.02890625 0.06796875
0 0.64453125 0.88515625 0.02734375 0.07109375
0 0.68515625 0.83046875 0.02734375 0.07890625
0 0.71328125 0.8921875 0.05 0.0703125
0 0.84921875 0.90546875 0.04140625 0.05390625
0 0.86796875 0.82421875 0.03515625 0.0890625
0 0.53125 0.4703125 0.053125 0.05078125
0 0.9078125 0.47578125 0.02734375 0.0671875
0 0.83203125 0.08671875 0.03515625 0.07578125
0 0.86328125 0.11875 0.02734375 0.06640625
0 0.7015625 0.65078125 0.05078125 0.0640625
0 0.48046875 0.215625 0.03046875 0.05390625
0 0.32109375 0.0375 0.02578125 0.06484375
0 0.528125 0.9 0.03515625 0.040625
0 0.0625 0.15703125 0.07734375 0.0640625
0 0.0828125 0.2453125 0.0390625 0.10625