0 0.53828125 0.48828125 0.02421875 0.05
0 0.559375 0.43828125 0.065625 0.06484375
0 0.703125 0.31015625 0.05390625 0.0921875
0 0.92578125 0.3984375 0.0484375 0.03984375
0 0.725 0.69453125 0.06171875 0.04921875
0 0.471875 0.65859375 0.02421875 0.0671875
0 0.5453125 0.134375 0.04453125 0.0546875
0 0.74765625 0.2328125 0.03203125 0.0765625
0 0.0171875 0.396875 0.02265625 0.07734375
0 0.03359375 0.3875 0.02890625 0.06171875
0 0.4609375 0.2359375 0.0296875 0.08515625
0 0.575 0.1765625 0.046875 0.06171875
0 0.5796875 0.06796875 0.05390625 0.07265625