0 0.51953125 0.35390625 0.03125 0.08515625
0 0.85625 0.2625 0.0328125 0.0875
0 0.16328125 0.5984375 0.03515625 0.10234375
0 0.25234375 0.70625 0.05546875 0.0328125
0 0.4046875 0.5671875 0.03203125 0.06953125
0 0.48125 0.6015625 0.0390625 0.05703125
0 0.66796875 0.690625 0.05234375 0.04140625
0 0.440625 0.82734375 0.04140625 0.0375
0 0.6296875 0.921875 0.03515625 0.07734375
0 0.6078125 0.45546875 0.05078125 0.03984375
0 0.77109375 0.77890625 0.075 0.03046875
0 0.77109375 0.85625 0.0671875 0.034375
0 0.24453125 0.0828125 0.0375 0.0390625
0 0.59375 0.57578125 0.06171875 0.0421875
0 0.73828125 0.55 0.04765625 0.02890625
0 0.94921875 0.61484375 0.03671875 0.04140625
0 0.6109375 0.22890625 0.05546875 0.03671875
0 0.0296875 0.5453125 0.04140625 0.1109375
0 0.14921875 0.8796875 0.03203125 0.059375
0 0.6796875 0.3046875 0.02734375 0.07578125
0 0.66171875 0.02265625 0.0265625 0.0453125
0 0.37890625 0.35390625 0.0671875 0.06796875
0 0.103125 0.06953125 0.03203125 0.05390625
0 0.1265625 0.0796875 0.03046875 0.05234375