0 0.64609375 0.96484375 0.065625 0.0234375
0 0.72890625 0.93359375 0.07578125 0.0859375
0 0.66328125 0.6109375 0.03515625 0.04921875
0 0.7921875 0.36484375 0.05703125 0.05546875
0 0.74140625 0.3890625 0.05546875 0.03046875
0 0.44140625 0.44296875 0.04140625 0.08984375
0 0.35546875 0.4640625 0.040625 0.05390625
0 0.39921875 0.6328125 0.034375 0.0390625
0 0.4203125 0.665625 0.02734375 0.05390625
0 0.45078125 0.28515625 0.02890625 0.0703125
0 0.54375 0.14609375 0.034375 0.07890625
0 0.41796875 0.05 0.059375 0.08671875
0 0.48515625 0.303125 0.02421875 0.046875