0 0.7921875 0.484375 0.06484375 0.0328125
0 0.790625 0.5625 0.046875 0.059375
0 0.73828125 0.8140625 0.028125 0.075
0 0.42890625 0.60625 0.04453125 0.08671875
0 0.20703125 0.30859375 0.05234375 0.0296875
0 0.44375 0.25546875 0.03515625 0.07265625
0 0.36484375 0.075 0.028125 0.06953125
0 0.43046875 0.09921875 0.02421875 0.08203125
0 0.5921875 0.20703125 0.05390625 0.0453125
0 0.7859375 0.03671875 0.06640625 0.03203125
0 0.278125 0.36875 0.0484375 0.0546875
0 0.3578125 0.38515625 0.05859375 0.0375
0 0.48046875 0.8234375 0.03828125 0.1
0 0.25390625 0.47578125 0.0390625 0.07734375
0 0.03515625 0.38671875 0.03515625 0.07265625