0 0.2171875 0.115625 0.0609375 0.0328125
0 0.40546875 0.08828125 0.03359375 0.07265625
0 0.5609375 0.21171875 0.05078125 0.03046875
0 0.434375 0.42109375 0.04453125 0.08515625
0 0.41328125 0.52421875 0.06484375 0.021875
0 0.4515625 0.51640625 0.0265625 0.071875
0 0.19765625 0.4171875 0.03203125 0.0828125
0 0.2171875 0.40234375 0.02421875 0.10703125
0 0.353125 0.8375 0.05234375 0.0390625
0 0.36640625 0.71171875 0.02421875 0.034375
0 0.409375 0.7265625 0.046875 0.02734375
0 0.39453125 0.75625 0.0328125 0.03203125
0 0.3328125 0.47109375 0.03828125 0.04921875
0 0.21796875 0.50234375 0.05234375 0.05390625
0 0.26953125 0.46484375 0.05234375 0.06953125