0 0.37734375 0.40078125 0.0375 0.0546875
0 0.35546875 0.5625 0.02734375 0.0890625
0 0.4015625 0.54140625 0.04140625 0.06171875
0 0.4609375 0.415625 0.0703125 0.04375
0 0.94140625 0.56015625 0.05 0.06484375
0 0.82109375 0.6 0.01875 0.059375
0 0.1390625 0.7578125 0.046875 0.0875
0 0.29296875 0.13203125 0.04375 0.0390625
0 0.45859375 0.8671875 0.0296875 0.03125
0 0.496875 0.8734375 0.040625 0.040625
0 0.0390625 0.75625 0.02265625 0.02890625
0 0.0859375 0.6359375 0.02578125 0.05078125
0 0.08515625 0.59765625 0.0296875 0.03828125
0 0.88203125 0.7546875 0.05703125 0.05546875
0 0.68046875 0.69453125 0.03203125 0.05390625
0 0.45703125 0.303125 0.046875 0.03046875
0 0.46328125 0.28828125 0.04140625 0.034375
0 0.03046875 0.184375 0.05546875 0.0390625