0 0.52734375 0.69375 0.040625 0.06640625
0 0.440625 0.87109375 0.0390625 0.06171875
0 0.0859375 0.52734375 0.02578125 0.05546875
0 0.3484375 0.85546875 0.071875 0.03203125
0 0.621875 0.29921875 0.04765625 0.06640625
0 0.53984375 0.35703125 0.03828125 0.05234375
0 0.84140625 0.278125 0.046875 0.05546875
0 0.54453125 0.40078125 0.0125 0.01640625
0 0.5703125 0.4328125 0.05078125 0.06328125
0 0.58203125 0.5953125 0.0296875 0.03984375
0 0.37890625 0.28828125 0.04296875 0.0765625
0 0.85234375 0.93984375 0.0203125 0.03203125