0 0.72421875 0.11875 0.06328125 0.0453125
0 0.92578125 0.0921875 0.046875 0.06328125
0 0.9703125 0.59296875 0.0578125 0.03515625
0 0.71640625 0.7 0.084375 0.03671875
0 0.43515625 0.56015625 0.05703125 0.03671875
0 0.1375 0.87578125 0.02265625 0.0875
0 0.16484375 0.9171875 0.02734375 0.0671875
0 0.3609375 0.86953125 0.02734375 0.04921875
0 0.45703125 0.81328125 0.04140625 0.02890625
0 0.5625 0.875 0.03515625 0.06015625
0 0.34609375 0.9671875 0.05703125 0.0390625
0 0.046875 0.6203125 0.040625 0.03359375
0 0.90234375 0.73828125 0.04453125 0.04765625
0 0.97265625 0.865625 0.046875 0.065625
0 0.35703125 0.65390625 0.05234375 0.0390625