0 0.78046875 0.365625 0.04453125 0.0703125
0 0.54296875 0.459375 0.04140625 0.0328125
0 0.78125 0.60390625 0.028125 0.04765625
0 0.728125 0.74765625 0.02578125 0.0515625
0 0.92734375 0.8015625 0.07109375 0.0390625
0 0.30234375 0.6296875 0.0296875 0.059375
0 0.64765625 0.715625 0.078125 0.0328125
0 0.559375 0.278125 0.03125 0.05234375
0 0.85078125 0.78671875 0.02578125 0.07421875
0 0.1375 0.49453125 0.02421875 0.071875
0 0.04609375 0.7078125 0.0515625 0.0390625
0 0.02734375 0.58359375 0.0390625 0.02734375
0 0.24453125 0.75546875 0.03671875 0.04375
0 0.29453125 0.72578125 0.025 0.06328125
0 0.3265625 0.05703125 0.046875 0.04765625
0 0.590625 0.48125 0.0203125 0.06328125
0 0.9296875 0.48125 0.04765625 0.01875
0 0.596875 0.0953125 0.0328125 0.06328125