0 0.1 0.1078125 0.040625 0.025
0 0.5015625 0.45234375 0.01875 0.05234375
0 0.6296875 0.34453125 0.01796875 0.06171875
0 0.45078125 0.5015625 0.0390625 0.0234375
0 0.42578125 0.5515625 0.01875 0.08203125
0 0.4875 0.5234375 0.046875 0.025
0 0.453125 0.55546875 0.040625 0.05859375
0 0.490625 0.56875 0.06328125 0.05078125
0 0.63984375 0.9203125 0.03046875 0.05546875
0 0.48671875 0.83671875 0.0609375 0.0375
0 0.98203125 0.6453125 0.03125 0.10625
0 0.95625 0.65546875 0.028125 0.05859375
0 0.8625 0.62109375 0.04140625 0.03828125
0 0.2328125 0.0765625 0.0265625 0.1