0 0.87578125 0.67265625 0.0625 0.084375
0 0.89609375 0.44609375 0.059375 0.075
0 0.30234375 0.45859375 0.03828125 0.096875
0 0.38515625 0.45390625 0.02421875 0.07109375
0 0.3734375 0.65859375 0.02109375 0.065625
0 0.18046875 0.94921875 0.0390625 0.05703125
0 0.44453125 0.946875 0.04375 0.0421875
0 0.71796875 0.82890625 0.06640625 0.0453125
0 0.1046875 0.37265625 0.03515625 0.07421875
0 0.59921875 0.15390625 0.04296875 0.034375
0 0.65078125 0.178125 0.06171875 0.04609375
0 0.615625 0.87734375 0.06875 0.04921875