0 0.5671875 0.03046875 0.05234375 0.03359375
0 0.96328125 0.2140625 0.06171875 0.05078125
0 0.99609375 0.43984375 0.0078125 0.0171875
0 0.2609375 0.2890625 0.084375 0.0390625
0 0.32421875 0.03203125 0.034375 0.0640625
0 0.6265625 0.175 0.0546875 0.02734375
0 0.4203125 0.42265625 0.05625 0.01484375
0 0.43125 0.43984375 0.0484375 0.03046875
0 0.478125 0.4453125 0.01484375 0.034375
0 0.48046875 0.48046875 0.0203125 0.03359375
0 0.30703125 0.44140625 0.04296875 0.03359375
0 0.3421875 0.55859375 0.03828125 0.07109375
0 0.3890625 0.64453125 0.05 0.084375
0 0.340625 0.4796875 0.034375 0.06953125
0 0.03828125 0.94609375 0.0265625 0.0640625
0 0.99609375 0.1390625 0.0078125 0.015625
0 0.83046875 0.3140625 0.053125 0.09140625