0 0.0796875 0.2 0.06171875 0.05859375
0 0.1578125 0.25546875 0.03828125 0.021875
0 0.14609375 0.32265625 0.02734375 0.07109375
0 0.084375 0.3828125 0.06875 0.05078125
0 0.08828125 0.5578125 0.04296875 0.0828125
0 0.13359375 0.56875 0.0265625 0.1296875
0 0.1921875 0.4578125 0.053125 0.0484375
0 0.2625 0.38984375 0.05390625 0.03203125
0 0.25703125 0.3578125 0.04140625 0.05390625
0 0.32578125 0.25703125 0.0546875 0.05546875
0 0.7921875 0.4234375 0.04140625 0.05390625
0 0.765625 0.4984375 0.04453125 0.0359375
0 0.96015625 0.615625 0.025 0.07734375
0 0.7765625 0.64140625 0.028125 0.06640625
0 0.453125 0.8875 0.040625 0.03515625
0 0.390625 0.74921875 0.025 0.06640625
0 0.39296875 0.6859375 0.0390625 0.034375
0 0.1859375 0.6765625 0.04765625 0.03828125
0 0.81328125 0.79140625 0.02578125 0.05546875
0 0.58671875 0.92578125 0.02734375 0.04375
0 0.89921875 0.63046875 0.0453125 0.040625
0 0.609375 0.4765625 0.053125 0.025
0 0.50078125 0.378125 0.0640625 0.03671875
0 0.54609375 0.08515625 0.025 0.05234375
0 0.55859375 0.0296875 0.0296875 0.02890625
0 0.76015625 0.03671875 0.03671875 0.03515625
0 0.66796875 0.14453125 0.02734375 0.0484375
0 0.17734375 0.040625 0.03671875 0.03046875
0 0.68125 0.75390625 0.04765625 0.03359375
0 0.70078125 0.415625 0.03671875 0.05546875