0 0.3359375 0.02421875 0.034375 0.01796875
0 0.35390625 0.04609375 0.02734375 0.06953125
0 0.778125 0.16953125 0.075 0.03203125
0 0.8984375 0.08359375 0.04921875 0.0421875
0 0.546875 0.3859375 0.03828125 0.05859375
0 0.19921875 0.17265625 0.05234375 0.03203125
0 0.08828125 0.33359375 0.025 0.0203125
0 0.10078125 0.35234375 0.046875 0.03671875
0 0.140625 0.68984375 0.02734375 0.084375
0 0.08984375 0.7890625 0.05078125 0.0671875
0 0.39609375 0.68203125 0.08671875 0.0359375
0 0.7671875 0.796875 0.0546875 0.0828125
0 0.7625 0.91484375 0.07578125 0.02890625
0 0.91328125 0.35390625 0.0296875 0.0546875
0 0.17578125 0.42109375 0.0265625 0.05546875
0 0.01953125 0.78125 0.02890625 0.03828125