0 0.06640625 0.46171875 0.02734375 0.03671875
0 0.22890625 0.553125 0.025 0.0375
0 0.24140625 0.59375 0.0234375 0.03984375
0 0.2421875 0.66640625 0.02734375 0.0171875
0 0.2484375 0.47890625 0.0640625 0.03359375
0 0.86953125 0.490625 0.02890625 0.05390625
0 0.471875 0.29609375 0.040625 0.01875
0 0.46875 0.2703125 0.02265625 0.05234375
0 0.378125 0.44453125 0.01796875 0.04609375
0 0.375 0.3921875 0.02109375 0.04921875
0 0.6203125 0.9375 0.01875 0.04296875
0 0.43125 0.6015625 0.06328125 0.05859375
0 0.92734375 0.8015625 0.01875 0.025
0 0.746875 0.86015625 0.01875 0.03046875
0 0.73828125 0.87265625 0.02265625 0.021875
0 0.284375 0.58515625 0.01875 0.02734375
0 0.021875 0.7984375 0.02421875 0.021875
0 0.7171875 0.484375 0.04765625 0.0609375