0 0.64609375 0.503125 0.03671875 0.084375
0 0.69609375 0.56015625 0.04453125 0.0453125
0 0.93046875 0.51015625 0.05 0.07421875
0 0.47578125 0.23984375 0.04921875 0.05703125
0 0.2796875 0.81171875 0.08203125 0.0453125
0 0.15703125 0.5828125 0.0375 0.06015625
0 0.05703125 0.74296875 0.03515625 0.06171875
0 0.5609375 0.37890625 0.03125 0.05
0 0.78203125 0.11953125 0.08203125 0.06953125
0 0.69375 0.76640625 0.04296875 0.03984375
0 0.55546875 0.90546875 0.02421875 0.05
0 0.44921875 0.02421875 0.0359375 0.04609375
0 0.09609375 0.39765625 0.040625 0.07265625
0 0.12265625 0.20234375 0.040625 0.06015625
0 0.05234375 0.840625 0.05703125 0.0421875