0 0.46875 0.8296875 0.02890625 0.07734375
0 0.52265625 0.8875 0.034375 0.0640625
0 0.61640625 0.66875 0.05703125 0.03828125
0 0.66484375 0.70234375 0.04296875 0.04921875
0 0.8375 0.6046875 0.0203125 0.06171875
0 0.88125 0.35234375 0.040625 0.0578125
0 0.95703125 0.5328125 0.025 0.07734375
0 0.98515625 0.7625 0.028125 0.09140625
0 0.27734375 0.87890625 0.02890625 0.07734375
0 0.3375 0.51484375 0.025 0.059375
0 0.359375 0.55546875 0.03203125 0.09296875
0 0.05 0.178125 0.034375 0.05234375
0 0.09375 0.04140625 0.065625 0.0453125
0 0.525 0.1296875 0.04375 0.04765625
0 0.6078125 0.1265625 0.0296875 0.09453125
0 0.72421875 0.11640625 0.02265625 0.06796875
0 0.76953125 0.11171875 0.03125 0.090625
0 0.9359375 0.05 0.04765625 0.04609375
0 0.71640625 0.43984375 0.06484375 0.05546875
0 0.9234375 0.88984375 0.02734375 0.05546875