0 0.03984375 0.2328125 0.05234375 0.0671875
0 0.45703125 0.45078125 0.06328125 0.059375
0 0.49140625 0.61015625 0.07265625 0.03984375
0 0.43203125 0.27890625 0.046875 0.05
0 0.76484375 0.14609375 0.0484375 0.0421875
0 0.26015625 0.190625 0.05390625 0.046875
0 0.5453125 0.3078125 0.0703125 0.05234375
0 0.6296875 0.0140625 0.046875 0.028125
0 0.4 0.7875 0.04453125 0.071875
0 0.18359375 0.340625 0.05 0.02265625
0 0.21640625 0.41484375 0.03828125 0.0375
0 0.16640625 0.51328125 0.0390625 0.01875
0 0.14765625 0.4921875 0.01640625 0.05234375
0 0.4046875 0.04375 0.03203125 0.03984375