0 0.65703125 0.6421875 0.02421875 0.0609375
0 0.24375 0.57890625 0.02578125 0.04609375
0 0.096875 0.68359375 0.02890625 0.065625
0 0.31328125 0.2671875 0.025 0.07265625
0 0.83671875 0.6796875 0.07265625 0.05390625
0 0.7046875 0.61640625 0.03125 0.07265625
0 0.58671875 0.7703125 0.0484375 0.05703125
0 0.753125 0.8265625 0.0515625 0.04296875
0 0.8734375 0.8640625 0.03046875 0.06875
0 0.62890625 0.94765625 0.05 0.0375
0 0.67265625 0.96484375 0.0453125 0.04375
0 0.51171875 0.965625 0.03359375 0.03203125