0 0.2109375 0.40703125 0.02265625 0.05703125
0 0.43203125 0.18046875 0.0203125 0.05703125
0 0.5078125 0.246875 0.0265625 0.04375
0 0.575 0.68515625 0.04453125 0.04765625
0 0.77734375 0.63828125 0.02421875 0.0578125
0 0.096875 0.96640625 0.0203125 0.06640625
0 0.1609375 0.9515625 0.0484375 0.0671875
0 0.4609375 0.7109375 0.0296875 0.06171875
0 0.5140625 0.43046875 0.02421875 0.05234375
0 0.5296875 0.42578125 0.025 0.05234375
0 0.48203125 0.52109375 0.02265625 0.1078125
0 0.45703125 0.6234375 0.02109375 0.07421875