0 0.21484375 0.19140625 0.0390625 0.05234375
0 0.16640625 0.084375 0.0328125 0.0640625
0 0.3015625 0.08125 0.02421875 0.05703125
0 0.61171875 0.16015625 0.034375 0.084375
0 0.853125 0.3796875 0.06953125 0.04296875
0 0.52578125 0.890625 0.0125 0.01640625
0 0.5546875 0.921875 0.05859375 0.06171875
0 0.27578125 0.94609375 0.02265625 0.05703125
0 0.046875 0.53046875 0.08984375 0.0421875
0 0.2328125 0.46796875 0.04453125 0.03203125
0 0.18125 0.615625 0.05390625 0.05234375
0 0.0703125 0.98125 0.0453125 0.0359375
0 0.85078125 0.8046875 0.05859375 0.03671875
0 0.421875 0.6734375 0.0296875 0.0453125