0 0.42890625 0.1296875 0.05 0.0703125
0 0.590625 0.08125 0.0296875 0.04375
0 0.88671875 0.421875 0.05859375 0.0703125
0 0.69453125 0.459375 0.04296875 0.0859375
0 0.7015625 0.83984375 0.05859375 0.04765625
0 0.2515625 0.7046875 0.03515625 0.07734375
0 0.28984375 0.465625 0.0484375 0.09453125
0 0.2359375 0.86328125 0.0640625 0.03046875
0 0.28203125 0.83125 0.0328125 0.07421875
0 0.71484375 0.615625 0.03828125 0.05234375
0 0.61796875 0.41484375 0.03828125 0.1109375
0 0.55546875 0.225 0.02734375 0.07578125
0 0.48984375 0.63203125 0.0765625 0.05078125