0 0.13671875 0.60546875 0.0609375 0.040625
0 0.534375 0.03515625 0.053125 0.05078125
0 0.525 0.121875 0.07265625 0.03515625
0 0.8109375 0.33984375 0.04921875 0.065625
0 0.81953125 0.45625 0.0390625 0.06640625
0 0.9421875 0.075 0.02265625 0.071875
0 0.51640625 0.52265625 0.03203125 0.09765625
0 0.146875 0.95703125 0.0296875 0.05234375
0 0.1015625 0.7953125 0.01875 0.03828125
0 0.50234375 0.2 0.05859375 0.02890625
0 0.7328125 0.178125 0.04140625 0.04921875
0 0.57734375 0.43984375 0.02734375 0.05546875
0 0.0734375 0.26796875 0.04140625 0.0640625
0 0.1296875 0.2765625 0.04296875 0.03671875
0 0.66953125 0.93671875 0.02890625 0.03203125