0 0.715625 0.75390625 0.0390625 0.08515625
0 0.80859375 0.915625 0.02578125 0.0703125
0 0.96171875 0.89609375 0.02109375 0.109375
0 0.9375 0.59609375 0.03515625 0.0765625
0 0.79140625 0.55859375 0.05546875 0.05703125
0 0.10859375 0.3859375 0.05625 0.03046875
0 0.41015625 0.04765625 0.06875 0.03984375
0 0.6578125 0.090625 0.03515625 0.06484375
0 0.0765625 0.5015625 0.0296875 0.0765625
0 0.13203125 0.03203125 0.0265625 0.06015625
0 0.66640625 0.540625 0.0203125 0.06640625
0 0.30078125 0.05390625 0.028125 0.0671875