0 0.0578125 0.22265625 0.02734375 0.0546875
0 0.16875 0.409375 0.02109375 0.03671875
0 0.3421875 0.2609375 0.02578125 0.05859375
0 0.05 0.5625 0.06953125 0.03203125
0 0.03046875 0.49375 0.025 0.0390625
0 0.21171875 0.459375 0.03671875 0.06328125
0 0.45625 0.36015625 0.025 0.05546875
0 0.27109375 0.63671875 0.06640625 0.05234375
0 0.7421875 0.42421875 0.0328125 0.06875
0 0.8765625 0.50859375 0.03046875 0.02890625
0 0.90234375 0.17734375 0.040625 0.07265625
0 0.94609375 0.5765625 0.04609375 0.03125
0 0.88125 0.6390625 0.0125 0.01640625
0 0.91328125 0.675 0.0625 0.07265625
0 0.721875 0.5296875 0.03828125 0.0671875
0 0.43125 0.5203125 0.04375 0.05234375
0 0.54375 0.61171875 0.02265625 0.06015625
0 0.79921875 0.3171875 0.0453125 0.0640625
0 0.83203125 0.3015625 0.0328125 0.02734375
0 0.33984375 0.4078125 0.0640625 0.03359375